1
51
426
1 37 52
2 49 49
3 52 64
4 20 26
5 40 30
6 21 47
7 17 63
8 31 62
9 52 33
10 51 21
11 42 41
12 31 32
13 5 25
14 12 42
15 36 16
16 52 41
17 27 23
18 17 33
19 13 13
20 57 58
21 62 42
22 42 57
23 16 57
24 8 52
25 7 38
26 27 68
27 30 48
28 43 67
29 58 48
30 58 27
31 37 69
32 38 46
33 46 10
34 61 33
35 62 63
36 63 69
37 32 22
38 45 35
39 59 15
40 5 6
41 10 17
42 21 10
43 5 64
44 30 15
45 39 10
46 32 39
47 25 32
48 25 55
49 48 28
50 56 37
51 30 40
EOF
31 21 26 1 7 10 47 45 50 27 5 30 2 15 25 37 11 19 28 4 22 6 46 8 49 48 13 20 34 17 23 36 3 16 33 35 24 29 9 42 14 43 12 44 32 38 40 41 18 39 0 
15 28 10 21 31 0 19 49 2 20 37 8 26 27 34 33 45 4 48 50 7 30 29 35 11 47 5 9 25 46 36 16 22 6 14 38 17 3 13 32 43 44 23 24 42 41 12 40 18 39 1 
19 27 34 21 35 1 30 28 0 7 15 31 20 10 25 26 49 47 37 8 33 45 50 5 6 4 48 22 29 11 46 9 13 23 17 36 42 16 38 3 14 24 32 43 44 12 41 40 18 39 2 
16 17 46 11 36 40 12 18 43 41 50 13 24 45 14 4 5 26 39 44 10 31 37 48 23 47 0 9 22 32 8 15 1 6 7 21 29 49 38 42 33 25 28 20 30 27 19 2 34 35 3 
37 48 11 10 36 8 45 9 50 14 16 46 15 31 49 29 43 3 44 1 26 32 33 0 17 38 5 20 28 21 41 47 13 18 7 19 40 24 12 2 22 27 23 30 6 25 34 39 35 42 4 
26 47 13 22 50 23 45 17 6 46 0 24 31 7 11 3 10 25 21 42 4 16 12 30 36 37 1 27 15 40 43 48 8 14 2 18 49 28 41 19 9 20 44 29 33 34 39 32 35 38 5 
22 25 47 42 7 23 5 26 30 13 0 21 27 50 24 31 45 17 46 10 11 1 2 3 4 12 19 37 15 16 28 36 34 8 35 40 48 49 18 20 43 14 33 41 9 29 44 39 32 38 6 
25 30 47 0 21 27 6 26 22 31 5 2 1 50 45 10 23 19 42 13 11 15 28 37 34 46 17 4 35 24 49 8 20 3 48 16 36 33 29 12 9 14 43 40 18 41 44 32 38 39 7 
48 49 37 15 29 33 4 9 10 20 1 28 31 38 11 45 14 36 50 0 32 19 21 44 16 26 46 43 2 34 3 5 17 27 47 7 35 30 41 13 22 25 18 24 40 6 12 23 39 42 8 
48 29 38 8 32 4 37 14 33 44 49 36 15 10 43 11 16 20 45 1 28 31 46 50 3 41 0 26 17 19 21 18 5 40 2 34 47 13 7 12 24 27 39 35 22 30 23 25 6 42 9 
31 37 15 45 1 4 0 50 8 11 26 48 49 21 28 46 20 29 33 36 5 9 47 16 19 7 2 14 17 27 3 30 43 13 34 22 25 32 38 44 6 24 35 23 41 12 18 40 42 39 10 
46 45 50 4 16 36 3 10 17 37 26 31 14 43 48 5 0 8 13 9 15 44 41 47 1 24 49 18 40 12 21 29 32 22 7 23 33 28 20 38 6 25 19 27 30 39 2 42 34 35 11 
40 24 17 18 3 13 39 46 16 41 5 11 23 36 43 50 45 14 22 26 4 47 44 31 42 6 10 37 0 48 32 7 9 8 25 21 1 15 49 29 30 38 27 33 28 20 2 19 34 35 12 
24 5 17 23 22 46 3 12 47 50 26 45 11 6 42 16 40 31 0 7 36 18 4 10 25 43 41 21 37 14 30 39 1 48 15 27 8 44 9 49 2 28 32 19 29 20 33 34 38 35 13 
43 36 44 16 32 4 9 41 11 48 3 46 37 8 18 38 45 17 29 50 10 40 49 15 31 33 12 26 39 5 1 13 0 24 20 28 21 47 7 22 23 19 2 6 27 25 30 34 42 35 14 
49 8 1 28 37 10 20 33 48 29 31 4 19 0 21 9 45 50 2 11 26 34 38 27 36 46 7 14 35 47 16 5 30 32 43 44 3 17 25 22 13 6 41 23 24 18 40 12 42 39 15 
36 3 43 46 11 14 17 41 4 18 45 50 40 44 12 37 48 10 32 9 13 5 24 26 31 8 39 0 15 29 47 49 38 1 23 33 22 21 7 20 28 6 25 19 27 30 42 2 34 35 16 
3 46 13 24 11 12 16 5 50 45 40 36 18 26 23 43 4 41 47 22 14 31 10 0 37 6 39 48 7 44 42 8 21 1 9 15 25 32 49 29 30 27 28 33 20 38 2 19 34 35 17 
40 41 39 12 3 16 43 17 36 46 14 11 24 44 13 4 45 50 32 5 48 9 23 26 37 10 31 8 22 47 0 38 29 15 49 6 1 7 33 42 21 20 25 28 30 27 19 2 34 35 18 
34 2 28 1 35 21 20 27 15 0 49 31 10 30 8 33 7 37 26 29 45 48 25 47 50 4 9 11 5 6 22 46 38 36 16 14 17 13 3 23 32 43 44 42 24 41 12 40 18 39 19 
28 49 33 15 8 1 29 19 37 10 48 34 2 9 31 4 21 0 35 38 45 27 50 11 26 32 36 7 14 30 46 44 47 16 5 43 25 3 17 22 6 13 41 23 24 18 40 12 42 39 20 
0 27 1 2 7 31 30 19 26 10 47 28 15 25 34 45 50 37 5 35 49 20 6 8 22 4 11 46 48 33 13 23 29 17 36 9 16 3 42 24 14 43 38 32 44 12 40 41 18 39 21 
6 23 47 5 42 7 13 25 26 24 0 50 17 30 45 31 21 46 11 27 3 10 1 12 4 16 37 2 36 15 40 19 8 28 48 18 43 49 14 34 41 20 35 9 33 29 39 44 32 38 22 
22 13 42 5 6 24 47 17 26 7 25 50 46 12 45 0 3 11 31 21 30 16 40 10 27 36 4 18 1 37 43 41 15 2 14 39 48 8 19 28 49 44 9 20 34 29 33 32 35 38 23 
13 17 12 23 5 3 46 22 40 50 11 16 26 45 47 18 42 6 36 41 31 39 0 43 4 7 10 14 25 37 21 48 1 30 44 8 15 27 9 32 49 2 28 29 19 33 20 38 34 35 24 
7 30 6 47 22 27 0 21 26 5 42 2 23 31 50 1 45 13 10 19 34 11 17 24 35 46 15 28 37 4 49 3 8 20 16 48 36 12 33 29 9 14 43 40 18 41 44 32 38 39 25 
0 31 50 5 45 47 7 10 21 11 22 46 1 13 6 17 25 37 4 23 30 15 27 3 16 24 36 2 8 48 28 49 19 42 14 20 43 9 12 33 29 34 40 18 35 41 44 32 38 39 26 
30 2 21 7 0 25 19 1 34 35 31 47 26 28 6 10 15 22 5 45 50 20 37 49 8 4 11 23 33 42 46 48 13 17 29 24 36 3 9 16 14 38 43 12 32 44 40 41 18 39 27 
20 1 15 19 49 33 8 34 2 10 21 37 31 0 29 35 48 27 4 9 26 45 50 7 30 11 38 47 5 25 36 46 14 16 32 44 22 43 3 6 17 13 23 24 41 42 18 40 12 39 28 
33 8 9 48 49 38 15 37 20 4 10 28 32 1 14 44 36 11 31 45 43 16 19 50 0 46 21 26 34 2 3 17 41 5 35 27 47 7 18 30 13 40 25 22 24 12 6 23 39 42 29 
27 7 25 21 2 0 47 6 26 1 19 31 22 34 35 5 10 28 45 50 15 42 23 37 11 13 20 49 4 8 46 17 48 24 33 3 16 29 36 9 14 12 43 38 40 44 32 18 41 39 30 
0 10 26 45 50 1 21 37 15 4 11 47 5 7 8 46 28 49 48 19 27 2 30 20 16 17 22 25 36 13 33 3 6 9 29 34 14 23 24 43 35 44 32 38 42 12 40 41 18 39 31 
44 9 14 38 43 36 48 4 29 16 8 37 41 11 33 49 46 3 10 15 45 18 50 20 17 31 40 1 28 26 39 0 12 5 13 21 24 19 47 2 7 34 22 23 27 6 30 25 35 42 32 
49 29 8 20 15 48 28 9 37 38 1 4 10 19 31 32 11 14 34 45 0 21 36 2 44 50 26 16 35 43 46 27 3 5 7 47 30 17 41 25 13 22 18 6 40 24 23 12 39 42 33 
35 19 2 28 1 27 20 21 15 30 0 49 31 10 33 7 8 37 25 26 29 45 47 48 50 4 9 5 11 6 22 38 46 36 16 13 14 17 23 32 3 42 43 44 24 41 12 40 18 39 34 
34 2 19 27 28 1 21 30 20 15 0 7 49 31 10 25 33 8 37 26 47 29 45 48 50 4 6 5 9 11 22 46 38 36 13 16 17 23 42 14 3 32 43 24 44 41 12 40 18 39 35 
16 14 43 11 4 46 3 44 41 45 48 32 37 50 9 17 10 18 8 40 31 26 29 5 12 13 15 38 49 0 24 33 39 1 47 20 21 28 22 23 7 6 19 25 27 2 30 42 34 35 36 
4 8 10 48 15 49 31 11 45 1 9 29 33 50 20 28 36 0 26 46 14 16 21 38 32 43 19 44 3 5 17 47 2 7 27 34 13 30 41 22 24 25 35 18 40 6 12 23 39 42 37 
9 29 32 48 33 8 44 49 14 4 37 15 20 36 43 10 11 16 28 1 45 31 41 46 50 3 0 19 26 21 17 18 34 2 40 5 47 13 27 35 7 12 39 24 30 22 25 23 6 42 38 
18 40 41 12 3 43 16 17 36 24 14 46 44 11 13 32 4 50 45 5 23 9 48 26 37 10 22 31 47 8 38 0 29 6 42 15 49 1 7 33 21 25 20 28 30 27 19 2 34 35 39 
18 12 39 3 41 17 16 43 24 46 36 13 11 14 44 50 45 5 4 23 26 32 37 10 22 31 48 9 47 0 8 6 42 15 29 38 1 7 49 21 33 25 28 20 30 27 19 2 34 35 40 
18 43 40 16 3 14 36 39 44 12 46 17 11 32 4 24 45 50 9 48 13 37 5 10 38 8 26 31 29 15 23 49 0 47 33 22 1 21 20 6 7 28 42 25 19 27 30 2 34 35 41 
6 23 22 25 47 5 13 7 24 26 30 17 0 50 45 21 27 31 46 12 3 11 10 1 2 16 40 4 37 36 15 18 19 28 43 8 41 48 14 34 35 39 49 20 9 33 44 29 32 38 42 
14 36 16 41 44 3 11 18 32 4 46 40 9 17 48 45 37 50 12 39 8 10 38 29 13 31 5 24 26 15 49 33 0 1 47 20 23 28 21 22 7 6 19 25 2 27 30 42 34 35 43 
14 32 43 36 9 16 41 4 48 38 11 3 29 8 18 37 46 40 45 10 50 17 33 49 15 39 31 12 20 26 1 5 0 13 28 24 21 47 19 22 23 7 2 6 27 34 25 30 35 42 44 
50 11 26 31 10 46 4 0 5 37 17 16 36 47 3 48 1 13 15 8 21 7 14 22 43 49 24 9 23 6 28 25 29 12 20 27 30 33 44 19 40 41 2 18 32 38 42 34 35 39 45 
11 3 17 16 50 45 36 4 5 13 26 43 10 14 24 31 37 12 40 18 41 0 47 48 23 44 8 22 9 15 1 21 32 7 49 6 29 39 25 33 28 20 38 42 27 30 19 2 34 35 46 
5 7 22 26 6 0 25 31 50 21 23 45 13 30 10 27 42 17 46 11 1 24 2 37 3 4 15 16 19 28 36 8 48 12 49 34 20 35 43 14 40 33 9 29 18 41 44 32 38 39 47 
8 4 9 37 29 49 10 15 33 11 14 36 38 32 45 20 44 1 31 16 28 43 50 46 0 26 3 21 17 19 41 5 47 2 7 18 34 13 27 40 24 30 12 22 35 25 6 23 39 42 48 
8 15 33 20 29 28 37 48 1 10 4 9 31 19 38 0 21 45 11 50 2 34 26 36 14 32 46 16 44 27 35 43 7 5 47 30 3 17 25 13 41 22 6 18 24 23 40 12 42 39 49 
45 11 26 46 31 5 10 0 4 17 37 47 3 16 13 36 1 21 7 15 22 48 8 24 14 23 43 6 49 9 25 12 28 27 30 40 29 41 44 18 19 20 33 2 32 42 38 34 39 35 50 