1
127
118282
   1   9860  14152
   2   9396  14616
   3  11252  14848
   4  11020  13456
   5   9512  15776
   6  10788  13804
   7  10208  14384
   8  11600  13456
   9  11252  14036
  10  10672  15080
  11  11136  14152
  12   9860  13108
  13  10092  14964
  14   9512  13340
  15  10556  13688
  16   9628  14036
  17  10904  13108
  18  11368  12644
  19  11252  13340
  20  10672  13340
  21  11020  13108
  22  11020  13340
  23  11136  13572
  24  11020  13688
  25   8468  11136
  26   8932  12064
  27   9512  12412
  28   7772  11020
  29   8352  10672
  30   9164  12876
  31   9744  12528
  32   8352  10324
  33   8236  11020
  34   8468  12876
  35   8700  14036
  36   8932  13688
  37   9048  13804
  38   8468  12296
  39   8352  12644
  40   8236  13572
  41   9164  13340
  42   8004  12760
  43   8584  13108
  44   7772  14732
  45   7540  15080
  46   7424  17516
  47   8352  17052
  48   7540  16820
  49   7888  17168
  50   9744  15196
  51   9164  14964
  52   9744  16240
  53   7888  16936
  54   8236  15428
  55   9512  17400
  56   9164  16008
  57   8700  15312
  58  11716  16008
  59  12992  14964
  60  12412  14964
  61  12296  15312
  62  12528  15196
  63  15312   6612
  64  11716  16124
  65  11600  19720
  66  10324  17516
  67  12412  13340
  68  12876  12180
  69  13688  10904
  70  13688  11716
  71  13688  12528
  72  11484  13224
  73  12296  12760
  74  12064  12528
  75  12644  10556
  76  11832  11252
  77  11368  12296
  78  11136  11020
  79  10556  11948
  80  10324  11716
  81  11484   9512
  82  11484   7540
  83  11020   7424
  84  11484   9744
  85  16936  12180
  86  17052  12064
  87  16936  11832
  88  17052  11600
  89  13804  18792
  90  12064  14964
  91  12180  15544
  92  14152  18908
  93   5104  14616
  94   6496  17168
  95   5684  13224
  96  15660  10788
  97   5336  10324
  98    812   6264
  99  14384  20184
 100  11252  15776
 101   9744   3132
 102  10904   3480
 103   7308  14848
 104  16472  16472
 105  10440  14036
 106  10672  13804
 107   1160  18560
 108  10788  13572
 109  15660  11368
 110  15544  12760
 111   5336  18908
 112   6264  19140
 113  11832  17516
 114  10672  14152
 115  10208  15196
 116  12180  14848
 117  11020  10208
 118   7656  17052
 119  16240   8352
 120  10440  14732
 121   9164  15544
 122   8004  11020
 123   5684  11948
 124   9512  16472
 125  13688  17516
 126  11484   8468
 127   3248  14152
EOF

15 6 104 1 113 119 14 12 13 36 105 5 35 11 49 40 50 107 114 19 34 9 23 10 3 8 22 21 29 16 2 120 20 18 30 56 42 4 39 26 71 7 33 55 53 51 17 38 99 43 25 78 37 41 123 89 76 115 79 44 57 102 59 66 60 90 63 73 72 61 58 54 46 24 77 65 52 75 32 47 48 67 121 117 27 28 112 116 31 45 70 94 93 69 74 83 122 92 80 68 124 64 109 125 96 88 111 91 108 110 126 95 81 82 103 84 86 85 98 87 118 62 106 101 100 97 0 
50 15 0 49 12 6 36 34 120 56 114 35 119 4 104 13 40 9 113 55 53 14 105 39 11 5 43 51 42 107 29 10 19 123 2 23 44 8 33 3 22 21 102 30 16 99 26 20 38 18 41 7 37 71 25 46 89 57 52 63 54 17 115 47 78 90 48 60 117 59 65 76 79 61 66 73 72 45 24 58 32 112 121 93 27 94 77 28 75 67 92 31 122 116 70 69 124 74 83 111 80 64 68 96 110 88 126 91 109 125 108 103 95 82 81 98 84 86 85 87 106 118 62 101 100 97 1 
9 10 8 89 119 113 99 115 114 5 6 60 104 90 12 59 23 105 57 22 61 14 63 107 3 7 18 21 49 0 19 71 58 20 16 15 1 66 4 51 50 120 17 11 13 72 123 55 36 73 76 40 35 56 34 112 30 65 29 78 26 53 54 67 42 79 39 70 33 43 124 25 38 46 75 44 37 77 41 102 52 69 48 47 117 74 68 24 116 45 88 109 32 64 91 121 28 83 27 93 80 31 103 108 94 95 92 98 122 84 125 85 86 111 87 110 81 82 96 126 118 62 106 101 100 97 2 
21 22 23 18 107 20 16 19 5 105 14 71 7 8 10 113 104 17 11 76 6 0 66 73 119 2 72 15 13 30 78 9 12 115 26 89 40 79 114 29 1 36 59 35 49 60 67 61 99 75 90 34 50 77 42 58 25 33 57 63 4 39 38 120 37 70 56 51 41 55 69 116 74 123 53 24 43 68 32 83 44 28 121 102 80 27 31 65 112 54 46 109 52 47 48 124 117 125 108 94 95 45 122 93 81 88 92 82 84 86 85 103 91 64 87 96 118 111 98 126 110 62 101 100 106 97 3 
55 120 51 49 123 50 114 56 12 1 53 9 119 6 54 0 46 99 15 34 65 2 104 52 113 36 43 44 48 35 57 47 63 117 105 10 14 5 102 13 8 40 39 107 23 89 90 11 19 45 22 3 60 42 115 21 112 29 18 16 59 20 61 33 7 71 30 93 38 26 41 58 37 17 25 66 76 78 72 73 79 64 124 92 94 111 24 32 67 121 77 27 75 110 28 88 70 122 31 91 116 69 74 83 68 126 80 98 109 96 103 108 125 95 84 85 86 81 82 87 106 118 62 101 100 97 4 
105 107 14 23 113 3 22 104 19 10 8 21 18 16 20 6 7 71 0 119 2 11 15 9 17 12 13 114 1 76 30 40 66 89 36 49 115 73 72 35 29 78 26 50 59 99 34 60 79 61 90 42 4 120 57 58 33 63 25 39 56 67 51 38 55 75 37 77 123 41 53 43 70 44 24 69 116 102 65 74 32 54 112 121 28 46 68 27 83 31 52 80 47 48 117 124 109 45 94 125 122 108 93 95 92 88 64 91 103 81 84 82 86 96 85 87 111 98 110 126 118 62 101 100 106 97 5 
0 104 119 113 12 15 105 14 114 5 9 1 49 10 107 23 8 2 19 50 3 22 13 36 11 21 16 35 18 40 20 34 4 120 7 71 99 56 29 30 51 55 89 115 42 17 26 39 123 57 53 59 60 90 33 63 76 66 61 43 78 38 73 72 25 79 37 41 44 58 102 54 65 46 52 67 77 75 112 47 48 24 117 32 70 121 28 27 45 116 69 31 74 93 94 124 83 68 80 92 122 64 109 88 91 125 111 108 96 95 103 110 81 126 82 84 98 86 85 87 118 62 106 101 100 97 6 
71 18 22 3 21 23 8 20 16 66 107 10 17 5 19 72 105 73 14 113 76 104 2 115 89 6 59 119 11 67 78 9 0 61 60 58 15 30 13 12 79 90 75 114 70 26 99 40 77 1 29 49 57 36 63 35 69 50 34 25 42 74 4 33 120 68 116 37 51 38 39 56 55 41 123 83 24 53 80 109 43 112 32 65 28 121 44 54 31 102 27 108 124 46 95 125 52 48 47 117 84 86 85 103 87 88 45 81 94 91 82 122 64 93 92 118 96 98 62 111 110 126 101 100 106 97 7 
10 23 22 5 113 3 105 107 7 18 21 14 2 104 71 19 20 16 119 6 9 89 115 66 0 17 12 59 114 15 60 72 11 73 61 99 76 90 13 49 1 58 57 30 63 40 78 36 50 35 26 29 4 67 79 34 120 51 42 75 56 70 55 123 33 77 25 39 38 37 53 69 41 112 43 65 74 54 116 44 68 24 102 46 124 32 83 121 28 52 109 80 48 27 47 117 31 108 45 88 95 125 94 91 64 93 103 122 84 86 85 92 87 81 82 98 96 111 118 110 126 62 101 100 106 97 8 
119 114 12 2 6 99 113 49 10 104 8 0 105 5 4 1 14 57 89 23 15 63 51 50 107 115 22 90 120 60 3 19 59 55 21 123 18 61 7 16 56 20 71 36 13 11 35 34 40 58 53 65 66 17 54 29 112 30 72 39 76 42 73 26 43 46 33 44 78 52 38 102 79 48 25 41 37 47 117 67 124 70 75 45 77 24 69 93 64 32 88 121 116 74 28 27 68 91 31 94 109 83 92 80 122 103 111 108 98 110 95 125 84 86 85 96 87 126 81 82 118 62 106 101 100 97 9 
8 113 23 5 22 105 107 2 3 104 14 18 21 7 119 19 6 71 9 20 16 89 115 0 12 114 15 59 66 17 99 60 11 49 61 90 1 72 13 73 76 57 58 63 36 40 50 30 35 78 4 29 26 120 34 51 79 67 56 55 42 123 33 39 75 70 25 77 38 53 37 43 41 112 65 69 54 44 102 74 116 46 24 68 124 32 52 83 121 48 28 47 117 27 109 80 31 45 108 88 94 93 64 91 95 125 103 122 92 84 86 85 87 81 82 98 96 111 110 118 126 62 101 106 100 97 10 
13 30 29 40 26 19 14 15 107 0 16 36 105 35 104 5 20 21 3 42 23 6 113 78 22 25 18 33 79 34 1 17 38 37 71 10 8 39 76 119 7 12 41 50 49 114 9 2 73 24 77 72 56 120 66 32 43 4 75 121 53 28 89 115 27 55 99 44 102 116 51 59 67 31 60 90 123 61 57 63 58 83 74 70 80 69 94 46 52 54 122 47 68 65 48 117 112 125 92 45 93 96 109 81 82 124 108 95 126 64 88 111 84 86 91 85 87 110 103 118 98 62 101 100 106 97 11 
114 49 119 6 9 1 0 50 104 4 113 15 120 2 105 10 51 5 14 55 99 56 8 107 36 23 123 34 13 19 35 22 3 11 21 40 53 57 89 18 63 16 20 115 7 90 71 60 29 39 59 43 42 61 30 54 44 65 26 33 17 46 102 66 38 58 52 76 41 78 112 48 72 25 37 73 47 117 79 45 67 77 75 24 93 70 32 124 121 27 28 94 69 116 31 64 92 74 88 122 83 68 80 91 111 109 110 103 108 125 96 98 126 95 84 86 85 81 82 87 118 106 62 101 100 97 12 
40 11 29 36 35 15 30 0 26 42 34 14 33 19 104 105 6 1 39 107 38 5 25 16 113 37 21 3 20 23 41 22 50 119 12 18 78 10 79 49 8 71 17 114 7 9 76 56 43 120 2 4 24 53 44 32 102 73 55 121 77 72 27 66 28 51 99 89 115 75 123 31 59 60 57 90 116 61 63 67 94 58 46 52 47 54 122 83 117 48 74 65 70 80 69 92 45 112 68 93 96 125 124 109 82 81 126 108 111 95 64 88 110 91 84 86 103 85 87 118 98 62 106 101 100 97 13 
105 5 107 19 104 23 113 3 21 22 16 10 20 6 8 18 0 11 15 71 119 7 13 17 2 12 9 30 40 1 36 114 29 76 35 26 49 78 34 50 66 73 72 89 79 115 42 99 33 59 25 120 39 4 60 38 56 90 61 37 57 51 63 55 41 77 58 75 67 53 43 123 24 44 70 102 116 32 121 69 28 74 65 27 54 31 46 112 83 68 52 80 47 48 117 94 45 124 109 122 125 93 92 108 95 88 64 96 81 82 91 103 84 86 85 87 111 126 110 98 118 62 101 106 100 97 14 
0 1 36 6 13 35 104 40 34 11 14 12 50 113 105 119 49 5 29 107 19 114 42 23 39 9 3 10 30 21 16 22 56 120 8 26 33 20 4 18 2 38 53 43 55 71 7 41 25 37 51 17 78 44 99 79 123 102 76 89 115 73 66 57 59 63 60 72 90 24 61 46 32 54 77 52 121 47 58 27 65 75 48 28 117 67 31 94 116 45 112 70 93 122 92 74 69 83 80 68 124 96 125 64 109 111 88 126 110 108 91 81 82 95 103 84 86 85 98 87 118 62 106 101 100 97 15 
20 21 19 3 18 107 22 23 71 17 14 5 105 7 76 8 104 11 10 113 78 30 73 13 72 6 0 79 66 26 15 119 29 40 2 36 9 12 35 75 77 1 115 67 89 114 25 42 49 34 59 33 50 37 38 60 61 99 39 90 58 70 116 41 120 4 57 74 69 56 63 24 51 55 32 83 28 43 53 68 121 123 80 27 31 44 102 65 112 54 109 125 46 52 47 48 108 117 124 94 95 122 81 45 82 92 93 84 86 96 85 87 88 103 91 64 118 111 126 62 98 110 101 100 106 97 16 
76 20 71 16 18 73 21 7 3 72 22 19 78 107 23 66 5 14 105 8 79 75 10 11 67 30 77 113 104 26 13 6 0 2 29 15 119 40 70 115 89 74 116 69 25 9 59 36 12 35 1 61 114 42 60 58 68 83 33 37 34 90 38 49 80 99 50 39 24 41 57 63 32 28 4 120 121 56 31 27 51 55 43 109 125 53 123 108 44 102 95 112 65 54 81 82 46 124 52 84 86 47 48 85 94 122 117 87 45 103 96 118 92 88 93 91 64 62 98 126 111 110 101 100 106 97 17 
21 3 22 71 20 7 16 23 107 19 5 8 17 105 14 10 113 76 104 73 66 72 11 6 2 78 0 119 30 13 15 115 89 9 79 26 12 59 67 40 114 29 75 60 1 36 61 77 35 58 49 90 99 70 34 50 25 42 57 33 63 69 37 38 4 39 120 74 116 56 51 41 55 68 24 123 83 53 43 32 80 28 121 44 27 31 112 102 65 109 54 46 108 124 125 52 47 95 48 117 94 45 122 84 81 86 82 85 88 87 103 93 91 92 64 96 118 98 111 62 126 110 101 100 106 97 18 
107 16 21 3 14 20 105 5 23 22 18 104 113 71 11 8 7 10 17 6 0 13 30 15 76 78 119 26 40 29 73 2 79 36 12 72 9 66 35 1 114 49 34 42 115 89 25 50 33 77 59 75 38 37 39 67 99 60 61 90 120 4 41 56 58 57 63 51 55 24 70 116 53 43 123 32 74 69 28 121 44 83 102 27 31 68 80 65 54 112 46 52 47 48 117 109 125 94 124 122 45 108 95 93 92 81 82 96 88 84 86 64 85 91 103 87 111 126 118 110 98 62 101 100 106 97 19 
16 21 18 3 19 22 71 107 17 23 7 5 14 105 76 8 10 104 113 11 73 78 72 30 66 6 13 79 0 26 15 119 2 29 40 9 75 12 67 36 77 115 89 35 1 114 59 25 42 49 34 60 33 61 50 37 99 90 38 58 70 39 116 57 69 74 41 120 4 63 56 24 51 83 55 68 32 28 53 80 43 121 123 31 27 44 102 65 112 109 54 125 46 52 108 47 48 124 117 95 94 122 81 82 45 84 86 93 92 85 87 88 96 103 91 64 118 111 62 98 126 110 101 100 106 97 20 
3 18 20 16 22 107 19 23 71 5 14 105 7 8 17 10 113 104 76 11 6 73 66 72 0 78 13 119 30 2 15 79 26 9 40 12 115 29 89 36 114 1 35 59 67 75 49 77 60 61 34 25 42 99 50 90 58 33 37 38 57 70 39 4 63 120 56 41 69 116 51 74 55 24 123 53 43 68 32 83 28 121 80 44 27 102 31 65 112 54 109 46 52 125 47 48 124 117 108 95 94 45 122 81 82 93 84 92 86 88 85 87 103 91 64 96 118 111 98 126 110 62 101 100 106 97 21 
3 23 18 21 107 5 7 8 20 71 16 19 105 10 14 113 104 17 6 2 66 76 119 11 73 0 72 9 15 13 115 89 78 12 30 114 59 40 26 79 1 29 60 36 49 61 35 99 67 90 58 50 75 34 57 77 42 63 25 4 33 70 120 39 38 37 56 51 55 69 41 123 116 74 53 43 24 68 83 32 44 112 28 65 102 121 80 54 27 31 46 109 52 124 47 48 117 108 125 95 45 94 122 88 93 84 81 86 103 85 92 91 82 64 87 96 118 98 111 110 126 62 101 100 106 97 22 
22 3 5 107 21 105 8 18 14 10 19 20 113 16 7 71 104 6 17 2 119 0 11 9 15 66 76 13 73 12 72 115 89 114 30 78 1 40 59 26 36 49 29 60 35 79 99 61 90 50 34 58 67 57 42 63 75 4 120 25 77 33 39 56 51 38 37 70 55 41 123 53 69 43 116 74 24 44 32 68 102 65 112 83 54 28 121 80 27 31 46 52 109 124 47 48 117 108 125 45 94 95 122 93 88 92 64 91 84 103 81 86 85 82 87 96 111 98 118 110 126 62 101 100 106 97 23 
32 28 121 27 31 25 37 38 26 41 33 29 30 79 42 78 40 11 13 39 35 77 116 36 122 34 19 15 76 16 20 96 17 14 0 83 107 75 21 80 3 105 94 104 5 18 1 23 22 43 71 6 113 73 102 50 7 8 10 125 44 119 12 72 56 74 49 53 114 120 82 9 66 67 2 81 4 92 55 68 115 69 89 51 70 99 123 59 60 61 47 90 52 57 46 58 63 117 126 48 93 54 45 65 108 95 112 109 101 100 62 124 118 111 110 86 84 87 85 97 64 88 103 91 106 98 24 
37 26 38 29 30 33 24 42 41 32 40 11 121 13 79 28 27 35 78 39 36 31 34 15 19 16 0 14 20 107 77 21 76 105 104 17 3 5 1 23 6 18 22 113 116 71 43 50 7 75 10 8 119 12 73 102 49 122 56 44 114 53 72 83 94 9 120 80 2 66 4 67 55 96 74 51 89 115 99 125 123 59 92 60 90 61 69 70 57 68 63 47 52 58 46 82 117 81 48 54 65 93 45 126 112 109 108 95 124 111 110 84 86 64 85 87 118 88 62 91 103 101 100 98 97 106 25 
30 29 25 11 13 40 37 79 33 78 42 38 35 36 19 41 16 15 14 24 20 39 107 21 0 105 34 3 76 17 104 5 32 18 23 22 121 6 28 113 71 77 1 27 7 8 10 31 119 73 50 75 12 116 49 72 114 43 9 2 56 66 120 53 102 44 83 4 67 80 89 55 115 74 99 51 122 59 94 60 123 61 90 70 57 69 58 63 125 68 96 46 52 47 92 54 117 48 65 82 81 45 112 93 109 108 95 126 124 84 86 111 85 87 64 88 110 118 91 103 62 101 98 100 106 97 26 
121 32 28 24 31 37 25 38 41 33 26 42 122 29 30 96 39 79 40 13 35 78 11 94 36 34 116 77 15 43 19 0 16 76 14 102 20 83 1 17 107 21 80 105 104 3 44 75 5 6 18 50 23 22 113 71 56 53 92 125 7 73 119 12 10 8 49 120 114 82 72 74 9 4 81 2 55 66 67 126 51 123 47 89 115 99 52 68 69 117 46 59 70 48 60 93 90 61 57 63 45 58 54 65 112 95 108 109 100 101 110 111 97 62 124 118 86 84 87 85 64 88 106 91 103 98 27 
31 32 24 121 27 25 37 38 26 41 33 79 30 29 42 78 116 40 77 11 39 13 122 96 35 36 83 80 34 76 16 75 19 15 17 20 94 14 21 107 0 125 3 105 18 104 5 22 23 71 1 43 6 73 113 82 7 74 102 50 81 8 10 72 44 119 12 56 49 53 67 66 114 120 9 2 92 4 68 55 69 70 115 89 51 99 59 123 60 61 126 90 47 52 57 58 46 63 117 48 93 54 45 65 95 108 109 101 100 112 62 118 86 124 84 111 97 87 110 85 64 88 103 91 106 98 28 
40 13 26 42 30 33 11 25 35 38 37 36 39 41 15 34 0 19 14 79 78 104 1 16 107 105 6 5 20 24 21 3 113 23 32 50 22 18 121 17 119 76 12 27 43 71 10 28 8 49 56 7 114 120 9 31 77 102 53 44 2 4 73 75 55 72 116 66 51 94 89 99 122 115 123 67 59 83 60 90 57 61 80 63 74 46 52 47 58 92 117 48 54 70 96 69 65 68 45 125 93 112 82 81 126 109 124 108 95 111 110 64 88 84 91 86 85 87 103 118 62 98 101 100 106 97 29 
26 11 29 13 25 40 78 79 19 16 37 42 33 38 20 14 35 36 107 15 21 3 105 0 17 76 5 104 18 23 22 41 34 39 113 71 24 6 77 7 1 8 32 10 121 119 28 73 75 12 27 50 72 31 116 49 114 9 2 66 43 56 120 67 4 53 83 89 102 115 44 80 74 55 99 59 51 60 61 90 70 123 57 69 58 63 122 94 68 125 46 52 47 54 96 117 48 65 92 82 81 112 45 93 109 108 95 124 126 84 86 85 87 64 88 111 118 91 110 103 62 98 101 100 106 97 30 
28 32 121 24 27 25 37 38 26 79 41 33 30 116 29 78 42 77 96 40 122 11 83 13 80 39 35 36 75 76 125 34 16 17 19 20 15 82 94 14 21 107 0 3 105 18 81 5 104 71 22 23 74 73 1 43 6 113 7 72 102 8 50 10 44 119 67 12 56 66 49 53 114 120 9 68 2 92 69 4 55 70 115 89 51 59 99 123 60 126 61 90 47 58 57 52 63 46 117 48 93 54 45 101 95 100 108 65 109 62 112 118 97 86 84 87 85 124 111 110 64 88 103 91 106 98 31 
121 24 28 27 31 25 37 38 41 33 26 29 42 30 79 40 78 39 11 13 122 35 36 77 116 96 34 15 19 94 76 16 20 83 0 17 14 80 75 107 21 3 105 104 43 5 1 18 23 22 6 71 102 113 50 73 44 125 7 8 10 56 119 12 53 72 74 49 82 114 120 9 81 92 66 67 2 4 55 51 68 69 89 115 123 99 70 59 47 126 60 52 61 90 46 117 57 48 63 58 93 54 45 65 112 95 108 109 101 100 62 111 110 118 124 86 84 97 87 85 64 88 91 103 106 98 32 
38 42 41 37 29 39 40 25 35 36 13 26 34 30 11 15 24 32 0 121 1 27 43 79 50 28 14 19 78 102 104 6 44 105 107 16 56 5 113 31 20 53 21 3 12 49 23 119 22 120 94 18 114 17 122 10 76 8 71 4 9 7 55 77 2 51 73 116 75 123 92 72 66 99 96 47 52 89 46 115 117 48 83 59 67 57 80 60 90 63 54 61 93 45 74 58 65 70 125 69 126 68 112 82 81 111 110 124 109 108 95 64 88 91 84 86 85 87 103 118 106 62 98 101 100 97 33 
35 36 39 40 1 15 42 50 13 43 0 33 29 56 38 41 53 11 6 44 49 120 102 12 104 37 26 30 119 14 114 4 113 25 105 55 19 5 107 9 23 3 16 21 10 51 22 20 8 123 18 2 78 79 71 24 7 17 52 47 46 32 99 121 94 27 76 117 48 28 54 89 115 57 92 63 122 73 45 31 66 90 60 72 59 93 65 77 61 75 58 116 67 112 96 83 70 74 80 126 69 111 68 110 124 125 64 109 88 82 81 91 108 95 103 98 84 86 85 87 106 118 62 101 100 97 34 
36 34 40 13 42 39 15 29 33 0 1 11 38 50 41 26 30 6 37 104 43 14 25 56 49 12 105 19 113 119 5 107 120 53 44 114 102 16 23 3 21 4 20 22 9 10 55 8 18 78 79 2 24 71 17 7 51 32 76 121 123 27 28 99 94 73 89 52 31 46 47 115 77 72 66 117 57 48 122 63 59 60 90 54 75 61 92 116 65 45 67 93 58 83 112 74 80 70 96 69 68 126 125 111 124 110 64 82 81 109 88 108 95 91 103 84 86 85 87 98 118 106 62 101 100 97 35 
35 34 40 15 13 42 39 0 1 29 11 33 50 6 38 104 30 26 41 14 56 49 12 43 37 105 113 119 19 5 25 120 107 114 53 23 44 16 3 4 21 102 9 20 22 10 55 8 18 78 2 79 71 51 7 17 123 24 76 32 99 121 27 28 89 73 115 46 52 47 66 72 94 57 77 117 63 31 48 59 60 90 54 61 75 122 65 92 45 116 58 67 93 112 83 70 74 80 69 96 68 126 125 124 111 110 64 109 82 81 88 108 91 95 103 84 86 85 87 98 118 106 62 101 100 97 36 
38 25 33 41 42 29 26 24 40 30 32 39 121 27 35 13 11 36 28 34 79 31 15 78 0 19 1 14 43 16 104 107 105 20 6 21 50 5 3 102 122 113 76 23 17 44 94 22 77 18 56 12 119 53 71 49 10 8 116 120 7 114 75 9 73 4 96 2 55 72 83 66 92 80 51 123 67 99 89 115 74 47 52 46 59 117 60 125 48 57 90 61 63 54 70 58 69 93 45 68 82 65 126 81 112 109 111 108 110 95 124 64 88 84 86 85 87 118 91 62 103 101 100 106 97 98 37 
33 37 41 42 25 29 39 40 26 35 13 36 30 34 24 11 32 121 27 15 28 0 43 79 1 78 31 19 14 102 50 104 6 44 16 105 107 56 5 20 94 21 122 113 53 3 23 12 49 22 119 18 120 17 76 114 10 71 8 77 4 7 9 55 116 2 73 75 92 96 51 72 123 66 47 83 99 52 89 46 115 80 117 48 67 59 57 60 74 90 63 93 61 54 45 58 125 65 126 70 69 68 82 112 81 111 110 109 124 108 95 64 88 91 84 86 85 87 103 118 62 106 101 100 98 97 38 
42 34 35 33 36 41 38 40 29 43 13 37 15 1 102 25 44 50 11 0 26 56 30 53 6 120 49 104 12 14 19 24 105 119 113 4 32 107 114 5 121 94 27 55 16 3 23 21 79 20 78 9 22 28 10 18 122 8 51 123 31 17 71 2 92 47 7 52 76 46 117 48 99 77 73 93 45 54 89 72 115 66 57 75 63 96 116 59 90 60 65 61 67 58 83 126 80 112 74 70 69 111 125 68 110 124 82 81 64 109 88 108 95 91 106 103 84 86 85 98 87 118 62 97 101 100 39 
13 35 29 36 42 11 15 33 34 39 26 30 0 38 37 1 25 41 14 104 6 19 105 50 107 5 113 16 21 3 12 20 23 119 49 43 78 22 79 56 18 114 10 8 120 53 9 17 24 71 44 102 7 76 4 32 2 121 55 27 28 51 73 77 31 123 72 99 66 89 115 75 94 59 116 57 60 90 122 63 46 52 47 61 67 117 48 54 58 92 83 65 74 80 45 70 93 69 96 112 68 125 126 124 82 81 109 111 110 108 64 95 88 91 84 86 103 85 87 98 118 62 106 101 100 97 40 
38 33 37 42 39 25 29 40 35 34 36 26 13 24 121 27 30 32 11 43 15 28 102 0 1 44 94 122 31 50 79 56 53 78 14 19 6 104 105 107 16 5 49 113 120 12 20 21 3 119 23 22 114 18 17 4 76 10 92 55 8 71 9 77 96 7 2 51 116 123 73 47 75 52 72 46 117 48 99 66 83 89 93 115 80 45 54 67 59 57 126 60 63 90 74 61 65 58 125 70 69 68 112 82 81 111 110 124 109 108 64 95 88 91 84 106 86 85 87 103 118 62 97 101 100 98 41 
33 38 39 29 40 35 41 37 36 34 13 25 26 11 30 15 0 1 43 50 24 14 6 104 19 32 102 121 105 56 79 44 27 107 78 5 16 113 53 49 12 20 21 28 3 119 23 120 22 114 18 10 31 17 4 8 9 76 71 94 55 7 122 2 77 51 123 73 72 75 99 116 92 66 47 52 89 46 115 117 48 59 57 96 60 90 63 54 67 83 61 45 93 80 65 58 74 70 69 126 125 112 68 82 81 111 110 124 109 64 108 95 88 91 84 86 85 103 87 118 98 106 62 101 100 97 42 
44 102 53 56 34 39 50 35 36 120 1 42 55 40 15 33 41 49 4 47 0 38 52 13 29 117 12 46 48 6 123 114 51 37 94 11 119 92 93 104 45 26 25 9 30 113 14 105 5 54 19 107 23 10 122 2 3 16 21 8 22 20 99 24 27 121 32 18 65 78 79 71 7 28 57 17 63 89 76 115 31 90 60 126 59 111 61 73 110 66 112 72 77 96 58 75 116 67 83 64 70 80 74 124 69 68 88 125 91 106 82 109 81 98 108 95 103 84 86 85 87 118 97 62 101 100 43 
102 43 53 56 34 50 39 120 47 55 52 1 35 36 117 4 48 46 49 42 15 93 41 40 33 123 45 92 51 0 12 38 94 13 114 29 6 119 37 11 54 104 9 113 26 14 25 30 105 5 107 19 122 65 10 2 23 99 3 8 21 16 22 20 24 27 121 18 32 111 57 63 78 71 79 7 126 110 28 89 17 115 90 76 60 31 59 112 61 66 73 96 72 77 58 75 116 67 64 124 83 70 74 80 69 106 88 68 91 125 109 82 81 98 108 103 95 84 86 85 87 118 97 62 101 100 44 
117 48 47 52 93 46 111 54 53 55 123 44 110 56 120 51 102 4 43 65 50 49 1 114 12 34 92 39 36 9 119 35 15 0 6 99 112 63 40 57 42 104 94 2 13 113 64 33 41 105 14 29 38 5 10 11 90 8 107 23 19 89 37 60 126 22 3 115 30 21 26 59 61 16 25 18 20 7 122 71 58 124 17 106 78 24 79 27 66 88 121 76 32 72 73 91 28 31 98 77 96 67 75 70 116 69 74 83 80 68 103 109 125 108 95 82 81 84 85 86 87 118 97 62 101 100 45 
48 52 117 47 45 54 123 55 51 53 120 4 56 93 65 44 50 49 43 102 114 1 12 111 34 9 119 99 6 0 15 36 35 39 63 112 57 110 2 104 113 40 13 42 105 10 14 5 92 90 33 8 64 11 107 29 89 23 41 60 19 38 115 22 3 59 61 21 94 16 18 30 37 20 26 7 71 25 58 17 124 66 78 76 79 88 122 72 73 126 24 32 121 27 91 28 77 67 31 75 98 70 116 106 96 69 74 83 68 103 80 109 125 108 95 84 82 81 85 86 87 118 62 97 101 100 46 
117 52 48 45 46 93 53 44 55 56 102 123 54 120 43 4 51 50 111 49 65 1 34 110 114 12 92 39 36 35 15 0 119 9 6 40 42 99 13 104 94 33 41 113 2 63 38 57 29 14 105 112 11 5 10 107 37 8 19 23 90 30 26 3 22 89 21 25 60 64 16 115 126 18 20 59 122 61 7 71 17 78 24 58 27 79 121 32 76 66 124 28 73 72 31 88 106 77 96 91 75 67 116 70 98 69 74 83 80 68 103 109 125 108 82 81 95 84 85 86 87 118 97 62 101 100 47 
52 117 46 47 45 93 54 55 123 53 56 120 51 44 4 102 43 65 50 111 49 1 114 110 12 34 9 119 36 15 0 39 6 35 99 92 112 63 57 40 104 2 113 42 13 33 105 14 41 10 5 29 64 11 94 38 90 8 107 23 89 19 60 22 3 115 37 21 30 26 59 61 16 18 20 25 7 71 126 58 122 17 124 78 66 79 76 24 88 27 121 32 72 73 91 28 31 106 77 67 75 98 96 70 116 69 74 83 80 68 103 109 125 108 95 82 81 84 85 86 87 118 62 97 101 100 48 
12 114 4 50 1 120 119 6 9 55 51 0 56 15 123 104 113 53 2 36 34 99 105 14 35 5 10 13 8 107 40 23 43 19 11 57 22 3 63 44 39 54 21 46 89 16 42 18 29 65 20 90 102 115 7 52 60 71 33 30 59 48 47 61 26 117 38 41 17 112 37 25 66 58 45 76 78 72 79 73 93 24 67 77 32 75 94 121 124 27 92 28 70 64 31 116 122 69 111 88 74 83 91 110 68 80 109 96 126 98 103 125 108 95 84 81 82 86 85 87 106 118 62 101 100 97 49 
1 56 120 49 4 12 15 34 53 55 0 114 36 6 35 119 51 43 9 123 104 40 44 13 39 113 102 14 105 42 11 5 29 2 10 107 33 19 46 99 23 8 52 3 22 38 54 21 47 41 30 16 48 26 117 20 18 37 57 63 65 7 71 89 25 115 90 45 60 17 59 78 61 79 76 93 66 112 73 58 72 24 94 32 92 121 27 28 77 75 122 67 31 111 116 70 124 64 110 69 74 83 80 126 88 96 68 91 109 125 98 108 103 95 82 81 84 86 85 87 106 118 62 101 100 97 50 
123 4 55 120 49 114 54 12 56 50 65 9 99 46 1 119 53 6 63 52 57 2 48 0 15 117 47 113 104 34 112 43 44 10 36 90 105 45 89 5 8 14 35 60 102 115 23 107 13 40 59 61 22 19 3 39 11 21 18 16 42 7 93 20 29 71 58 33 30 26 38 41 66 64 17 37 124 25 76 72 78 73 111 79 88 92 94 67 91 110 24 77 75 70 32 121 27 28 122 69 31 98 116 74 68 83 103 109 126 80 96 108 125 95 84 85 86 87 81 106 82 118 62 101 100 97 51 
48 117 47 46 45 93 53 55 54 123 56 44 120 51 4 102 43 50 65 49 111 1 114 12 34 110 36 9 119 15 39 0 35 6 99 92 40 104 42 63 113 57 13 2 112 33 41 105 14 29 5 10 11 38 94 8 107 23 90 19 89 64 22 37 3 60 21 115 30 26 16 18 59 20 61 25 7 71 126 122 58 17 78 79 66 76 24 124 27 121 32 72 73 88 28 91 31 77 67 75 106 96 98 70 116 69 74 83 80 68 103 109 125 108 95 82 81 84 85 86 87 118 62 97 101 100 52 
56 44 43 120 50 55 102 4 1 34 49 52 47 46 123 51 117 48 36 39 35 12 15 114 0 6 45 40 119 42 54 13 9 93 33 104 41 29 113 38 11 14 105 65 5 99 2 37 107 10 19 92 30 26 23 8 94 3 25 22 21 57 16 63 20 18 89 7 71 90 115 60 112 78 17 59 111 79 24 61 122 32 121 76 27 110 66 28 58 73 72 31 126 77 64 75 67 124 96 116 70 88 83 74 69 80 91 68 125 106 98 109 103 108 82 81 95 84 86 85 87 118 62 97 101 100 53 
65 123 51 46 55 4 48 52 117 120 47 45 49 56 114 112 53 99 50 12 63 9 57 1 119 93 44 2 6 64 43 90 0 15 102 113 34 60 104 89 36 10 111 115 61 35 105 8 59 5 14 23 39 107 13 40 22 124 3 19 58 11 21 42 18 110 7 16 88 29 20 71 33 30 41 91 38 26 66 17 37 92 25 72 76 73 78 98 94 79 67 24 70 32 121 75 77 27 122 28 103 69 126 31 116 74 109 68 83 80 96 106 108 95 84 125 85 86 87 81 82 118 62 101 97 100 54 
4 120 123 51 56 49 50 53 46 114 12 1 54 52 48 9 119 47 117 44 43 65 6 0 15 34 99 102 36 45 35 104 2 113 57 63 39 40 105 13 14 10 5 8 93 107 42 23 11 90 19 112 89 29 22 3 33 60 115 21 16 18 59 20 41 38 61 7 30 26 71 37 25 58 17 66 111 78 92 76 64 79 94 72 73 124 110 24 32 121 27 67 122 77 28 88 75 70 31 91 116 126 69 74 83 98 68 96 80 109 103 125 108 95 106 84 81 82 85 86 87 118 62 101 97 100 55 
53 120 50 55 4 1 49 43 44 34 51 123 12 102 114 36 15 0 35 6 46 39 52 119 47 9 40 48 117 13 104 42 54 113 33 14 29 105 11 45 5 2 99 41 38 10 107 65 19 23 8 93 3 30 22 26 37 21 57 16 63 20 18 25 89 7 71 90 115 60 92 94 59 17 61 112 78 79 76 24 66 58 32 121 73 27 72 122 111 28 110 77 31 75 67 64 124 126 116 70 96 69 88 74 83 80 91 68 109 125 98 103 108 106 82 81 95 84 86 85 87 118 62 97 101 100 56 
63 99 90 60 89 61 2 115 59 9 112 58 114 119 12 10 51 8 65 113 49 4 6 123 104 5 23 105 124 22 55 7 14 120 54 107 0 3 1 18 21 50 66 71 19 15 20 16 56 72 17 11 13 36 88 73 46 53 34 35 40 64 76 91 52 30 48 67 70 29 43 117 26 78 39 47 42 44 33 79 45 102 69 38 75 103 25 37 41 98 109 77 93 68 74 116 24 32 108 121 83 111 28 27 84 80 95 31 85 94 86 92 87 110 122 125 81 96 82 126 118 62 106 101 100 97 57 
61 59 60 115 89 90 57 63 66 2 99 8 10 7 71 72 22 9 23 18 113 3 5 70 21 119 105 73 107 124 20 104 14 67 16 114 112 17 19 6 12 76 0 49 69 109 15 51 4 1 11 65 103 123 50 13 120 78 75 88 55 30 36 91 68 40 79 54 35 56 26 77 29 34 74 108 53 42 84 39 64 95 33 25 85 86 46 116 38 43 37 87 98 83 41 44 52 48 80 102 117 47 24 45 32 28 121 27 31 125 93 118 94 81 82 92 122 111 110 62 96 126 101 100 106 97 58 
61 115 89 60 58 90 2 57 63 99 8 10 66 7 9 22 23 113 71 119 5 18 3 105 21 107 104 72 114 14 6 12 20 19 16 73 17 112 0 49 70 67 124 76 15 51 4 1 11 50 123 65 120 13 55 69 78 36 30 40 35 56 75 54 34 109 29 79 26 88 77 53 42 68 91 103 39 74 33 25 46 43 38 37 64 108 44 41 52 116 48 102 117 47 95 83 84 85 24 86 80 98 45 87 32 28 121 27 31 93 125 94 92 122 111 81 118 82 110 96 62 126 101 106 100 97 59 
61 90 59 89 115 58 57 63 2 99 9 10 8 119 66 7 113 23 22 114 5 105 12 18 71 3 104 112 6 107 21 14 20 72 19 49 16 124 0 51 73 4 17 15 65 1 123 70 120 50 76 67 55 11 13 54 36 56 40 35 30 78 88 34 69 29 26 91 53 75 79 109 46 42 103 39 77 64 33 43 68 25 52 38 44 74 48 37 117 47 41 102 108 116 98 45 84 83 95 24 85 86 80 32 87 121 28 93 27 31 125 94 111 92 122 81 110 82 118 96 126 62 106 101 100 97 60 
59 60 90 115 58 89 57 63 2 99 8 10 9 66 7 113 23 22 119 5 71 18 3 105 114 107 104 21 112 12 72 6 14 20 124 19 16 73 49 17 0 70 51 67 4 15 76 1 65 123 50 120 11 55 13 69 54 36 78 88 56 40 30 109 35 34 75 91 29 26 79 103 53 77 68 42 46 39 64 74 33 25 43 38 108 52 37 44 48 41 116 117 102 47 98 84 95 85 86 83 45 24 80 87 32 28 121 27 93 31 125 94 111 92 122 81 118 82 110 96 62 126 101 106 100 97 61 
118 81 95 125 82 68 74 108 80 83 87 69 101 86 116 85 75 84 77 67 70 109 100 73 72 76 79 78 17 66 71 7 20 16 18 31 21 28 3 22 30 19 26 24 23 107 32 25 8 11 5 14 121 105 10 58 27 29 115 59 113 104 13 37 89 61 40 2 60 38 33 6 0 15 42 90 119 35 36 41 9 12 39 103 34 1 114 99 57 63 49 50 96 120 4 56 122 124 43 51 55 53 123 112 102 44 94 65 54 88 91 46 52 47 48 117 92 45 98 64 93 126 97 111 110 106 62 
57 99 90 60 89 61 59 2 115 112 9 58 114 119 65 51 12 10 8 49 4 113 123 6 124 104 5 23 105 54 55 22 120 7 14 0 107 3 1 50 18 21 66 71 15 19 20 16 56 88 72 46 17 36 11 53 13 64 73 34 35 91 40 76 52 48 30 70 67 29 117 43 47 44 39 26 78 42 45 102 33 79 103 69 38 98 75 25 41 37 109 77 93 68 74 24 116 32 108 111 121 83 28 27 84 80 95 94 31 85 86 92 110 87 122 125 81 96 126 82 118 62 106 101 100 97 63 
112 88 65 91 98 124 54 63 57 123 51 99 46 90 55 4 60 48 61 52 45 9 114 117 89 59 120 2 49 115 58 12 47 119 56 50 111 53 6 1 10 113 8 93 104 0 103 5 105 15 23 14 22 44 107 7 43 3 110 34 18 21 66 36 19 102 71 35 20 16 13 40 11 72 39 17 73 29 42 30 76 70 33 26 67 38 41 78 109 37 79 25 92 69 75 77 94 68 24 74 84 108 32 85 121 27 86 116 28 122 87 95 31 83 126 80 106 125 96 81 118 82 62 101 100 97 64 
54 123 51 112 55 4 63 99 46 57 120 114 49 9 48 52 64 12 90 117 56 119 50 2 47 45 53 60 1 89 6 61 115 59 124 113 0 10 104 15 8 58 44 88 105 5 43 14 34 93 23 36 107 22 102 35 91 3 19 21 13 7 18 40 111 11 16 71 20 39 66 42 29 98 17 33 30 72 26 110 38 73 41 76 37 78 25 79 67 92 70 103 94 75 77 24 69 32 121 27 109 28 122 74 116 68 31 126 83 80 108 84 95 85 86 96 87 125 106 81 82 118 62 101 100 97 65 
72 7 73 71 18 67 17 22 8 21 3 20 23 76 10 70 16 115 59 107 89 5 58 19 105 61 14 2 113 60 69 104 75 90 78 119 6 9 11 79 77 0 99 68 57 30 74 12 15 63 114 13 26 109 40 49 1 29 36 116 35 50 25 83 34 4 108 42 120 80 51 33 37 38 95 39 55 56 112 123 124 41 24 53 65 84 86 32 85 43 28 87 125 121 54 31 103 44 27 102 46 88 52 91 81 48 47 117 82 118 64 45 94 122 93 98 62 92 96 111 110 126 101 100 106 97 66 
72 70 73 69 66 75 68 76 17 74 71 7 18 20 77 16 21 22 3 78 23 8 19 107 79 10 5 116 109 105 115 14 58 83 59 89 108 113 80 61 104 95 2 30 11 60 26 90 6 119 13 0 9 15 29 40 12 25 99 125 57 114 84 86 63 36 85 87 35 1 49 42 37 33 24 38 34 50 28 32 39 81 31 41 4 121 120 118 82 51 56 27 55 124 112 123 103 53 43 65 44 62 102 54 46 88 91 52 48 47 117 122 94 45 64 96 93 92 98 101 100 111 126 110 106 97 67 
69 74 67 70 75 95 108 73 72 83 77 80 109 76 66 116 17 71 125 7 78 86 87 18 20 79 84 16 85 118 21 3 22 23 19 107 8 81 5 58 10 105 14 115 59 30 89 82 11 113 26 61 104 62 60 2 13 90 25 6 29 0 119 15 40 9 24 28 31 37 12 99 32 36 57 35 114 42 33 63 38 1 121 49 34 27 41 39 50 103 4 120 124 51 56 55 112 123 43 53 65 44 102 54 88 101 91 122 46 94 52 96 47 48 117 100 64 45 98 92 93 126 111 110 97 106 68 
68 70 67 74 72 73 75 108 66 109 95 76 17 77 71 7 18 83 20 116 16 80 21 78 22 3 86 84 23 58 8 79 87 85 19 107 115 59 10 5 89 61 105 14 60 113 125 2 104 30 11 90 118 26 6 119 13 9 0 29 15 81 57 99 25 40 63 12 114 82 36 35 1 24 37 49 42 33 62 38 28 32 34 103 31 50 121 39 41 124 4 120 27 51 112 56 55 123 53 43 65 44 54 88 102 91 46 52 48 47 122 117 94 64 96 98 45 101 93 92 100 111 126 110 97 106 69 
69 67 72 66 68 73 109 74 75 7 108 71 17 76 58 18 95 20 59 22 115 21 3 16 8 23 61 89 77 10 107 60 19 5 78 84 105 86 14 2 90 85 113 79 87 116 83 104 80 11 119 6 30 9 57 99 63 0 26 13 15 12 114 29 40 125 49 1 25 36 103 118 35 124 42 50 34 37 33 4 112 38 24 51 120 81 39 28 32 41 55 56 123 82 31 121 65 27 62 53 88 43 91 54 44 102 46 52 48 64 47 117 98 45 122 94 93 96 92 101 111 100 110 126 106 97 70 
7 18 20 21 22 3 16 17 23 107 19 8 5 73 66 72 76 10 105 14 113 104 78 11 2 6 67 115 89 119 0 30 79 59 13 75 9 15 26 12 61 77 60 58 70 40 29 114 90 36 1 99 35 49 69 57 25 34 50 42 63 74 33 116 37 38 68 4 39 120 56 83 51 41 55 24 80 123 32 53 43 28 109 121 31 112 27 44 65 102 108 54 125 124 95 46 52 47 48 117 84 86 81 85 87 94 82 45 122 103 88 91 93 64 92 96 118 98 62 111 126 110 101 100 106 97 71 
73 66 67 17 71 7 76 18 20 21 70 22 16 3 23 75 8 107 19 69 10 5 78 105 14 77 115 113 59 89 74 79 104 58 68 2 61 11 60 30 6 119 90 0 26 9 13 116 15 12 83 29 40 99 114 109 57 80 36 63 25 1 35 49 108 42 34 33 50 37 95 38 4 39 24 120 41 51 125 56 32 28 55 121 31 123 84 86 112 85 27 53 87 43 124 65 81 44 102 54 82 103 46 118 52 88 48 47 117 91 94 122 45 62 64 93 96 92 98 111 126 110 101 100 106 97 72 
72 17 76 66 67 71 7 18 20 16 75 21 3 22 23 19 78 70 107 8 77 5 69 10 105 14 79 74 113 104 11 68 30 115 89 2 59 116 26 58 6 13 61 0 119 60 83 15 9 29 40 90 80 12 25 114 36 35 99 1 109 57 42 49 37 33 63 34 38 108 50 24 39 95 41 125 32 4 28 120 31 121 56 51 55 27 123 53 43 84 86 112 85 81 87 44 82 124 65 102 54 46 118 103 52 47 48 117 122 94 88 91 62 45 96 64 93 92 98 111 126 101 110 100 106 97 73 
75 68 83 69 80 77 67 116 73 76 70 72 125 17 78 79 66 71 20 95 7 16 18 108 21 81 3 22 19 30 23 82 107 26 109 5 8 14 11 105 10 25 113 104 29 13 24 118 28 31 115 59 58 32 89 40 86 2 37 87 6 0 84 15 61 85 121 119 62 60 38 33 42 36 35 27 9 90 12 41 1 114 34 39 99 49 57 50 63 120 4 56 51 43 55 53 123 44 102 112 124 103 122 101 96 65 94 54 46 52 100 47 48 117 88 91 92 45 93 64 98 126 111 110 97 106 74 
77 74 76 73 116 67 78 17 83 72 79 80 68 69 71 20 16 18 66 7 21 70 3 19 22 30 107 23 26 11 14 5 105 125 8 10 25 104 13 29 113 24 40 0 37 6 28 15 31 32 115 2 89 81 33 42 38 119 59 36 35 108 121 95 58 82 9 61 109 27 60 12 41 1 34 114 39 90 49 99 50 57 63 120 4 56 86 84 87 118 85 43 51 55 53 123 44 102 62 122 112 65 94 124 96 54 46 52 103 47 48 117 92 45 88 101 93 91 100 64 126 98 111 110 97 106 75 
17 73 20 78 16 71 72 18 21 75 7 79 3 19 22 77 107 23 66 67 14 5 30 105 11 8 26 10 104 113 116 13 74 29 70 6 0 69 40 25 15 2 83 119 115 68 89 36 80 35 59 9 37 42 12 33 38 1 24 58 61 114 60 34 49 90 32 39 41 28 50 99 121 31 57 27 125 63 120 4 56 109 51 55 43 108 53 95 123 44 81 102 82 112 65 54 84 86 46 85 122 124 87 94 52 47 48 117 118 96 45 103 92 93 62 88 91 64 126 98 111 101 110 100 106 97 76 
75 116 79 78 76 83 80 74 17 73 30 20 67 72 16 26 71 18 21 19 3 25 11 7 22 68 107 125 69 66 23 24 29 14 5 28 105 13 31 32 37 70 8 40 104 10 121 113 38 33 42 27 15 0 35 36 6 81 41 82 119 2 39 34 115 1 89 12 9 59 114 58 49 61 50 60 95 108 90 109 99 56 120 43 57 4 63 53 55 51 102 44 122 123 118 96 86 94 84 87 85 62 112 65 54 46 52 47 48 117 124 92 45 101 103 93 100 88 91 126 64 111 98 110 97 106 77 
79 76 30 17 77 26 16 20 11 19 75 21 18 3 71 73 25 107 29 22 13 14 23 116 7 105 5 72 40 104 37 8 113 24 10 15 33 42 0 38 66 67 35 36 83 6 32 74 28 80 41 121 31 119 34 39 1 27 2 12 9 69 70 114 68 50 115 49 89 59 125 60 61 56 120 58 99 43 90 4 53 57 55 63 44 102 51 81 82 123 122 94 109 108 95 96 54 46 65 52 112 47 48 117 92 86 84 45 124 85 87 93 118 62 103 88 126 91 64 111 101 110 100 98 97 106 78 
78 30 26 77 76 17 25 11 16 20 75 29 19 116 21 13 18 3 71 107 73 24 37 14 40 22 23 105 5 7 38 33 32 42 28 72 83 104 31 35 15 121 36 113 0 80 8 41 10 67 74 27 66 6 39 34 119 1 12 2 69 9 50 125 68 70 114 49 115 89 59 56 43 120 60 61 4 99 58 90 53 81 82 102 44 55 57 51 63 122 123 94 96 109 108 95 46 54 52 65 47 117 48 92 112 45 86 84 93 124 87 85 118 62 126 103 88 64 91 101 111 100 110 98 97 106 79 
83 116 125 77 74 75 81 82 79 68 78 76 67 73 69 17 31 28 72 24 30 26 32 25 20 16 71 70 121 18 21 19 66 7 11 3 27 22 29 37 107 23 14 13 5 95 105 38 40 33 8 108 42 104 10 113 41 62 15 35 118 0 36 6 39 109 34 119 2 115 89 1 59 9 12 58 61 114 60 50 86 49 87 101 84 90 85 96 99 122 43 56 120 57 4 100 63 53 102 44 94 55 51 123 112 65 54 46 92 52 124 47 117 48 103 45 93 126 88 91 64 111 98 97 110 106 80 
82 125 80 83 116 74 77 75 62 68 101 31 79 28 78 24 69 100 76 32 118 67 121 73 27 17 25 26 30 72 95 70 20 16 37 108 71 11 18 21 29 19 66 7 3 38 22 107 13 33 23 14 40 41 42 5 105 8 104 109 10 35 113 36 96 15 0 39 87 86 6 34 84 85 119 122 2 115 1 89 59 12 58 9 61 114 50 60 49 90 43 94 99 56 120 102 4 57 44 53 63 55 51 123 92 112 46 65 54 52 47 124 103 117 48 126 97 45 93 88 91 64 111 110 98 106 81 
81 125 80 83 116 74 77 75 31 101 28 79 62 68 100 24 32 78 121 27 76 69 25 67 73 26 17 30 118 72 37 20 16 95 29 70 11 71 38 21 18 19 33 3 7 66 108 13 41 22 107 42 40 23 14 96 5 105 35 8 104 36 10 113 39 15 0 109 122 6 34 119 87 1 86 2 115 84 12 85 89 9 59 50 58 114 49 94 61 60 43 90 56 102 120 99 44 53 4 57 63 55 51 123 92 46 52 47 54 65 112 117 48 97 126 124 103 45 93 88 91 64 111 110 98 106 82 
80 116 125 77 74 75 81 79 82 78 68 76 67 73 17 69 72 31 28 30 26 24 20 16 25 71 32 70 18 21 19 121 7 66 11 3 22 107 29 27 37 23 14 13 5 105 38 40 8 95 33 104 10 42 108 113 41 15 0 35 36 6 62 118 39 109 119 2 34 115 89 1 59 9 12 58 61 114 60 50 49 86 90 87 84 85 99 96 122 43 56 120 57 101 4 63 53 102 44 55 51 94 100 123 112 65 54 46 92 52 124 47 48 117 103 45 93 88 126 91 64 111 98 110 97 106 83 
85 86 87 109 108 95 70 69 68 118 67 103 74 66 72 58 73 75 59 61 115 7 71 76 17 60 89 62 18 90 77 22 83 8 20 21 3 80 16 23 10 116 124 2 107 5 19 78 105 57 63 14 113 125 79 99 104 9 119 6 11 81 30 91 88 0 114 112 12 26 13 15 82 49 29 40 1 25 36 35 4 50 51 98 42 34 37 120 33 65 24 123 38 55 28 32 31 39 56 41 121 54 27 64 53 43 44 46 102 52 48 47 117 101 45 122 94 100 93 96 92 111 110 126 106 97 84 
84 86 87 108 109 95 69 70 68 118 67 103 74 72 66 58 73 75 59 61 115 7 71 76 17 62 60 89 18 90 77 83 22 20 80 8 21 3 16 23 10 116 124 2 107 78 5 19 105 125 57 14 63 113 79 99 104 9 119 81 6 11 30 91 88 0 114 12 26 112 82 13 15 29 49 40 1 25 36 35 4 50 51 42 98 34 37 33 120 24 65 38 123 28 55 31 32 39 56 41 121 54 27 64 53 43 44 46 102 52 48 101 47 117 45 122 94 100 93 96 92 111 110 126 106 97 85 
85 87 84 108 95 109 69 70 68 118 67 74 103 72 66 73 58 75 62 59 61 7 76 17 71 115 89 60 83 77 18 80 90 20 22 8 21 3 116 16 23 10 78 107 125 2 19 5 124 105 79 14 113 57 63 104 99 81 9 119 11 6 30 82 0 26 114 12 13 91 88 15 112 29 40 49 25 1 36 35 50 4 51 42 37 24 34 33 120 38 28 31 65 98 32 123 55 39 56 121 41 27 54 53 64 43 44 46 102 101 52 48 47 117 45 122 100 94 96 93 92 111 110 126 97 106 86 
86 85 84 108 95 109 118 69 68 70 67 74 72 103 66 73 75 58 62 76 59 7 17 61 71 115 83 77 80 89 60 18 116 20 22 90 21 8 3 16 23 125 10 78 107 19 5 2 79 105 124 14 113 81 57 63 104 99 9 119 82 11 30 6 26 0 12 114 13 15 91 112 88 29 40 25 49 1 36 35 50 24 42 37 4 51 33 34 28 38 31 120 32 65 123 98 39 55 121 41 56 27 54 53 64 43 44 101 46 102 52 48 47 117 100 45 122 94 96 93 92 111 110 126 97 106 87 
91 124 98 112 64 63 57 103 90 65 60 61 58 99 59 89 115 54 2 51 9 123 114 4 119 12 10 8 55 49 113 66 120 6 46 7 23 104 5 22 105 50 3 18 107 71 14 1 0 21 48 56 52 72 70 109 19 15 20 16 117 73 53 45 47 17 67 36 11 76 13 34 35 69 40 43 44 84 30 85 93 29 111 78 102 39 86 108 26 42 75 79 68 87 33 95 38 77 25 74 41 37 110 116 24 83 32 80 92 121 28 27 94 31 125 122 118 81 126 82 96 62 106 101 100 97 88 
115 59 60 61 90 2 58 57 99 63 8 10 9 7 113 119 23 66 22 5 105 18 3 71 104 114 107 21 6 12 14 20 19 16 72 49 0 17 73 112 15 51 4 1 76 11 50 67 70 120 123 13 124 55 65 36 40 30 78 35 56 34 54 29 26 69 79 75 53 42 77 39 109 33 88 46 25 43 68 38 74 91 37 44 52 41 103 48 102 64 116 117 47 108 24 83 45 80 32 95 84 121 28 98 85 86 27 31 93 87 125 94 92 122 111 81 82 110 118 96 126 62 106 101 100 97 89 
60 61 89 59 57 115 63 99 58 2 9 10 8 119 112 114 113 7 12 23 66 5 22 6 104 105 3 18 107 71 49 14 124 21 51 19 4 20 0 65 16 72 123 1 15 17 120 73 55 50 54 76 11 70 67 13 56 36 88 40 35 34 30 91 53 78 29 26 46 69 64 79 75 42 109 103 39 43 52 33 48 77 44 25 117 38 47 68 102 37 74 41 98 45 108 116 24 84 83 95 93 85 32 86 80 121 28 87 27 31 94 111 125 92 122 110 81 82 118 96 126 62 106 101 100 97 90 
88 98 124 64 112 103 63 57 90 60 61 65 58 99 59 89 115 54 2 51 9 123 114 119 4 10 12 8 49 55 66 113 6 120 7 23 46 5 104 22 105 18 71 3 109 107 14 50 21 70 0 1 72 48 56 19 52 20 16 15 73 117 67 17 53 45 47 76 69 11 36 13 84 34 35 85 40 86 43 44 108 30 29 78 93 87 111 102 39 26 75 68 42 79 95 33 77 74 38 25 41 37 110 116 83 24 80 32 121 92 28 27 94 31 118 125 122 81 126 82 96 62 106 101 100 97 91 
94 126 102 44 43 122 93 53 47 39 41 117 52 34 56 45 48 33 42 38 35 36 46 50 37 120 40 1 55 96 110 29 27 4 15 13 25 121 111 49 32 0 123 24 51 26 11 12 30 6 28 114 54 119 104 31 14 106 9 113 105 19 5 107 65 79 23 16 3 10 21 78 20 22 2 8 99 18 71 17 7 76 57 63 89 77 115 90 60 73 59 112 116 66 72 61 75 58 83 67 80 64 74 70 125 69 124 82 68 97 81 88 91 109 98 108 95 103 84 86 85 87 100 101 118 62 92 
45 47 117 48 52 46 111 110 44 102 53 43 56 92 55 54 123 120 4 51 50 49 34 65 1 39 94 114 12 36 35 15 126 0 42 119 6 41 40 9 33 13 38 99 104 29 113 37 11 122 2 63 14 57 112 105 5 106 10 107 26 25 30 19 8 64 23 3 22 90 21 89 16 20 60 18 115 27 7 59 121 24 61 71 32 78 17 79 28 58 76 96 66 31 124 73 72 88 77 91 75 67 116 98 70 83 69 74 80 68 103 125 109 82 81 108 95 84 85 86 87 97 118 62 101 100 93 
122 92 102 41 39 43 126 44 38 33 42 96 37 27 34 121 35 32 53 36 25 24 40 29 56 28 13 50 26 31 1 15 93 47 30 11 120 0 117 52 55 49 48 4 45 46 6 12 104 79 14 114 19 119 123 105 78 51 113 107 5 16 9 20 21 3 23 22 10 18 8 54 110 17 76 2 71 77 7 111 99 116 65 73 75 89 72 57 63 115 66 83 80 90 60 59 106 61 67 74 112 125 58 82 70 81 69 68 97 64 124 88 109 108 91 95 100 101 98 103 84 86 85 87 118 62 94 
108 87 86 84 85 68 109 69 118 70 74 67 75 72 73 66 62 83 80 77 76 17 116 125 71 7 58 18 20 78 59 81 16 21 22 115 3 61 79 23 8 89 19 107 10 60 5 82 103 105 14 90 2 113 104 30 11 26 6 57 119 9 63 13 99 0 29 25 15 12 40 114 124 24 36 28 31 35 1 37 49 32 42 33 38 121 34 50 112 27 41 4 39 51 120 88 91 56 55 123 65 101 53 43 54 44 102 98 46 100 64 52 122 48 47 117 94 96 45 93 92 111 126 110 97 106 95 
122 27 121 94 32 31 28 24 41 37 38 25 33 42 92 39 126 29 26 40 35 30 102 34 43 36 13 79 44 11 78 15 116 77 53 1 0 50 56 97 19 83 80 14 16 104 20 6 76 107 105 82 125 21 17 5 120 3 75 113 49 23 18 12 22 119 81 71 55 47 4 114 93 10 8 7 73 52 117 9 48 74 46 72 51 123 2 45 66 67 99 89 115 54 68 100 59 69 57 60 110 90 63 70 61 65 101 111 58 106 112 95 108 109 62 124 118 64 86 84 87 85 88 91 103 98 96 
96 122 126 27 94 31 121 28 32 24 92 100 41 37 38 25 33 82 42 39 101 29 26 81 102 125 30 116 40 43 79 35 34 44 80 36 13 83 78 11 77 15 53 1 0 56 50 75 19 76 16 14 20 93 106 17 107 104 105 6 21 120 3 5 47 74 18 23 113 49 22 12 71 117 52 119 55 73 4 114 7 10 48 8 45 46 72 9 51 123 110 67 2 66 68 69 111 99 54 89 115 70 59 62 60 57 90 63 61 65 58 95 118 108 112 109 86 87 124 84 85 64 88 91 103 98 97 
91 88 124 64 112 103 63 65 57 90 60 61 58 99 59 54 89 115 51 123 2 9 114 4 55 119 12 46 49 10 8 120 113 66 6 48 52 7 104 23 5 22 105 50 117 45 1 56 109 3 18 107 0 14 71 21 47 70 72 15 53 19 20 16 73 17 67 111 36 34 11 13 84 76 93 35 69 44 85 43 40 86 102 108 30 29 87 39 78 110 42 26 75 68 79 33 95 38 77 25 74 41 37 116 24 92 83 32 80 94 121 28 27 31 118 122 125 126 81 82 106 96 62 101 100 97 98 
57 63 9 2 90 60 89 114 115 119 61 12 59 51 49 10 113 4 6 8 112 123 58 104 65 5 105 23 55 120 0 1 14 22 50 107 3 7 15 54 18 21 19 71 56 20 16 66 36 13 124 11 53 34 35 17 46 72 40 73 76 52 29 30 43 48 39 42 44 26 117 47 78 67 88 64 33 102 70 79 45 38 91 25 41 37 75 69 77 93 109 103 74 98 24 68 116 32 121 28 27 111 83 94 31 108 92 80 95 110 84 122 85 86 87 125 96 126 81 82 118 62 106 101 100 97 99 
101 82 81 125 62 80 83 116 31 28 74 77 32 121 24 27 118 75 96 79 68 78 25 37 26 76 30 69 97 67 38 17 95 73 122 29 41 33 72 11 16 42 20 108 70 13 40 71 19 21 18 3 7 107 22 39 66 14 35 23 36 105 5 94 15 104 34 8 0 113 10 87 109 6 86 1 85 84 119 43 2 12 50 102 115 9 89 49 114 59 44 56 58 61 92 53 120 60 4 90 99 126 55 57 51 63 123 47 52 46 117 48 54 65 93 112 45 124 103 88 91 110 111 64 106 98 100 
100 82 81 125 62 80 83 116 118 74 31 77 28 75 68 32 24 121 27 79 78 69 95 25 96 76 67 26 30 73 37 17 108 72 70 38 29 16 20 11 33 41 71 21 19 18 42 122 13 66 3 7 40 107 22 87 23 14 86 5 105 109 35 39 97 36 85 8 104 84 15 10 113 0 34 6 94 1 119 2 115 12 89 59 9 50 58 43 114 49 61 60 102 56 44 90 120 53 99 4 57 92 55 63 51 123 126 47 52 46 117 54 48 65 112 103 124 93 45 88 91 64 111 110 98 106 101 
44 43 53 56 39 34 50 120 47 35 36 1 42 52 55 41 92 117 33 94 4 40 48 38 46 15 93 49 0 13 45 29 123 12 37 51 114 6 11 119 25 104 26 122 30 9 54 113 14 105 5 19 107 27 23 24 10 121 32 2 3 16 21 8 65 22 99 20 126 18 28 79 78 111 71 7 110 57 63 17 31 89 76 115 90 96 60 59 61 112 73 66 72 77 58 75 116 67 64 83 80 70 74 124 69 106 68 88 125 91 82 81 109 98 108 95 103 84 86 85 87 97 118 62 101 100 102 
124 91 88 58 109 61 98 84 59 60 90 85 115 89 86 112 63 57 70 87 66 108 99 2 69 72 67 7 95 8 10 64 73 71 9 22 18 23 68 3 65 113 119 5 21 17 107 105 114 20 16 104 14 12 19 76 6 51 49 123 75 4 0 54 74 15 1 55 120 11 78 50 77 13 79 30 56 36 40 35 26 118 46 29 34 53 116 83 80 42 52 48 39 25 33 117 43 47 38 37 44 45 41 102 125 24 32 62 28 93 121 31 81 27 111 82 94 110 92 122 96 126 101 100 106 97 103 
113 105 14 5 6 107 0 23 119 10 19 8 15 3 22 21 12 16 9 18 11 20 2 13 114 1 7 71 49 36 40 35 50 30 17 29 34 26 89 99 115 4 76 120 42 66 78 56 59 73 39 60 72 33 90 51 79 55 57 61 63 25 38 53 123 37 58 41 43 67 44 77 75 102 65 54 24 70 46 32 112 52 116 121 28 69 47 27 48 117 74 31 83 68 45 80 124 94 93 122 109 92 125 64 88 108 91 95 96 103 81 111 82 84 86 85 87 110 126 98 118 62 106 101 100 97 104 
5 14 107 104 113 23 19 3 22 10 21 8 16 6 18 20 0 119 7 71 11 15 2 13 9 12 17 114 1 30 40 36 76 49 35 29 66 26 89 115 78 73 50 72 34 99 59 79 42 60 4 90 120 61 33 57 39 25 56 63 38 58 51 37 55 67 75 77 41 123 53 43 70 44 24 102 116 69 32 65 54 74 121 112 28 46 27 83 31 68 52 47 48 80 117 124 45 109 94 122 93 125 108 92 95 88 64 91 81 96 103 82 84 86 85 87 111 98 110 126 118 62 101 106 100 97 105 
110 126 111 93 92 45 47 117 48 52 94 102 44 46 43 53 122 56 55 54 120 123 39 50 34 4 51 41 1 35 36 42 49 65 96 33 38 40 15 37 12 114 0 29 13 6 27 119 9 25 121 11 104 32 26 24 99 113 30 64 14 105 28 112 5 2 63 107 19 57 10 31 23 8 3 22 21 16 20 18 90 79 89 78 60 7 71 115 17 59 61 76 97 58 66 73 77 72 124 88 116 75 91 98 67 83 80 70 74 69 125 68 82 81 103 109 108 95 84 86 85 87 100 101 118 62 106 
5 3 14 19 23 105 21 22 16 18 20 104 113 8 10 71 7 6 11 0 17 119 15 13 2 76 30 9 12 40 66 78 73 72 26 114 1 36 29 35 89 115 79 49 34 50 59 42 99 60 61 25 90 33 67 75 4 39 120 77 38 57 58 37 63 56 51 41 55 70 53 123 43 24 116 69 74 44 32 102 121 28 83 68 27 65 54 31 112 80 46 52 47 48 117 109 124 94 125 45 108 122 93 95 92 88 81 82 64 84 91 96 103 86 85 87 111 98 118 126 110 62 101 100 106 97 107 
95 86 109 87 84 85 69 68 70 67 118 74 72 73 66 75 76 17 58 83 77 7 71 80 62 116 18 59 115 61 20 22 21 16 125 89 3 78 8 103 60 23 10 79 107 19 90 5 105 14 2 81 113 104 30 11 57 82 63 119 9 6 99 26 0 13 124 15 12 114 29 25 40 36 49 1 35 24 112 37 42 28 33 31 38 50 32 34 4 88 51 121 91 120 39 41 27 55 123 56 65 53 43 54 98 44 102 101 46 64 52 48 47 117 122 100 94 45 96 93 92 111 126 110 97 106 108 
108 84 85 86 70 87 95 69 68 67 66 72 58 73 74 103 59 61 115 7 75 71 89 60 17 76 18 90 118 8 22 20 21 3 23 10 16 77 2 107 5 19 105 57 78 83 113 14 63 124 116 80 99 104 79 9 119 6 11 30 0 114 12 125 112 26 15 13 62 88 49 91 29 40 1 36 81 25 35 4 50 51 120 34 42 82 65 33 123 37 55 38 24 56 39 28 32 98 41 31 54 121 53 27 64 43 44 46 102 52 48 47 117 45 94 122 93 101 96 92 100 111 110 126 106 97 109 
111 93 45 117 47 48 52 46 106 92 44 54 102 53 55 43 123 56 120 51 65 126 4 50 94 49 1 34 39 114 12 36 64 35 15 0 9 119 112 42 6 99 41 40 33 38 13 63 122 57 104 29 113 2 37 11 14 105 5 10 90 107 8 19 23 26 25 30 89 60 3 22 21 115 16 61 59 20 18 27 7 121 71 24 32 124 88 96 58 17 78 79 28 91 76 66 31 98 73 72 77 75 67 116 70 69 83 74 80 103 68 109 125 108 82 81 95 84 97 85 86 87 118 62 100 101 110 
110 93 45 117 48 47 52 46 54 53 123 44 55 65 102 51 56 120 43 92 4 50 106 49 64 1 114 34 12 112 126 39 94 9 99 36 35 119 15 0 6 63 57 42 40 2 104 41 33 13 113 38 29 105 90 14 10 5 11 8 60 89 107 37 122 23 19 115 22 61 3 59 26 30 21 88 25 124 16 18 20 7 71 91 58 98 27 17 24 121 32 78 66 79 76 28 72 73 96 31 77 67 75 70 116 69 103 74 83 80 68 109 125 108 95 82 81 84 85 86 87 97 118 62 101 100 111 
63 65 57 99 124 90 64 60 54 88 61 51 123 89 59 115 9 91 2 58 114 4 55 12 119 49 120 10 46 6 8 113 50 98 104 1 56 5 105 0 23 48 52 22 14 7 107 15 3 53 117 18 66 21 71 19 47 45 20 16 36 34 103 13 72 35 11 17 43 44 40 73 76 102 70 39 93 29 30 67 42 26 78 33 111 38 79 109 69 41 25 37 75 77 110 68 74 24 108 92 116 84 32 94 121 85 86 27 28 95 83 87 31 80 122 125 126 96 81 82 118 106 62 101 100 97 112 
104 105 5 10 14 6 23 8 107 119 22 3 0 19 21 2 9 12 18 15 16 20 114 7 71 11 1 49 13 89 17 36 115 40 50 99 35 30 59 66 29 34 76 4 60 90 120 26 57 61 72 73 78 63 51 56 42 55 58 79 39 33 123 25 53 38 37 43 67 41 75 77 44 65 70 102 54 112 46 24 69 52 116 32 74 48 47 121 28 117 27 68 31 83 124 45 80 109 94 93 122 92 88 64 108 125 91 95 103 84 96 111 81 86 85 82 87 98 110 126 118 62 106 101 100 97 113 
12 49 9 119 6 4 1 50 0 2 120 51 113 104 99 15 55 10 123 105 5 56 14 8 23 57 107 63 36 22 89 34 19 3 35 13 53 90 115 21 60 11 18 40 16 59 7 20 54 61 65 71 43 29 39 46 42 44 30 58 17 112 26 66 33 52 102 48 47 76 38 117 72 73 78 41 25 37 79 45 67 124 93 75 77 70 24 32 121 64 27 28 69 94 116 88 92 31 74 91 68 122 111 83 80 109 110 103 98 108 125 96 95 126 84 86 85 87 81 82 118 106 62 101 100 97 114 
89 59 60 61 90 58 2 8 57 10 99 63 7 9 66 23 22 113 5 119 71 18 3 105 107 21 104 14 114 6 12 20 72 19 16 73 17 0 49 15 76 112 67 70 1 51 4 11 50 13 124 120 123 55 65 36 78 30 40 35 69 56 34 29 26 75 79 54 109 77 53 42 39 33 68 88 25 74 43 38 46 37 91 103 44 41 52 116 102 48 64 108 117 47 83 24 95 80 45 84 32 85 86 28 121 98 27 87 31 93 125 94 92 122 111 81 82 118 110 96 62 126 101 106 100 97 115 
83 77 80 75 74 79 78 125 76 17 73 30 26 31 28 67 81 24 68 82 25 72 20 32 16 71 69 11 121 21 18 19 3 29 37 7 27 22 107 66 13 23 14 70 5 38 105 40 33 42 8 104 10 41 113 35 15 36 0 6 39 34 119 2 95 1 108 115 12 89 9 59 114 50 49 58 109 61 60 90 118 43 99 62 56 122 120 96 4 57 53 102 63 44 55 94 86 51 87 84 85 123 101 100 65 46 54 112 92 52 47 117 48 124 45 93 103 126 88 91 64 111 110 98 97 106 116 
47 48 52 45 46 93 53 55 54 123 44 56 120 102 51 4 43 111 50 65 49 110 1 114 34 12 39 92 36 35 9 15 119 0 6 99 40 42 104 13 63 113 57 112 2 33 41 94 105 29 14 38 5 11 10 107 8 23 64 90 19 37 89 22 3 60 30 26 21 115 16 25 18 20 59 61 126 7 71 122 58 17 78 79 24 27 66 76 121 124 32 73 72 88 28 106 91 31 77 96 67 75 98 70 116 69 74 83 80 68 103 109 125 108 95 82 81 84 85 86 87 118 97 62 101 100 117 
62 95 108 87 86 68 85 84 74 69 109 125 81 70 80 83 67 75 82 116 77 73 72 76 66 17 78 79 71 7 18 20 16 21 101 3 22 58 23 19 107 8 59 115 5 30 10 61 105 14 89 26 11 60 113 104 103 31 2 25 28 24 90 100 13 29 32 6 0 119 40 121 37 15 9 27 57 99 38 33 63 42 36 12 35 114 1 41 49 34 124 39 50 4 120 112 51 56 55 123 43 53 88 91 65 44 102 96 122 54 94 46 52 98 47 48 117 64 45 92 93 126 111 110 97 106 118 
6 9 12 114 113 104 0 2 49 10 105 5 1 14 8 15 23 107 50 99 22 4 3 19 21 120 18 89 51 13 36 16 7 11 20 115 55 57 35 56 71 34 40 63 90 60 123 59 61 29 17 30 53 66 42 39 26 58 76 43 33 72 73 65 78 54 44 38 79 25 112 46 37 41 102 52 48 67 47 117 75 77 70 24 45 124 32 69 121 116 28 27 93 74 31 94 68 83 64 88 80 92 109 122 91 111 108 103 125 95 110 98 96 84 86 85 126 81 87 82 118 62 106 101 100 97 119 
4 55 56 50 49 51 53 1 123 12 114 119 0 6 9 15 34 43 44 46 36 35 52 54 104 102 113 47 48 99 117 39 2 40 13 65 105 14 5 10 42 11 107 8 57 63 23 45 29 19 33 22 3 21 89 16 38 41 90 18 20 30 115 93 60 26 7 71 59 112 37 61 25 17 78 58 66 76 79 92 94 73 72 24 32 111 121 27 64 77 124 28 122 67 75 110 31 70 116 88 69 91 126 74 83 80 96 68 109 98 103 125 108 95 82 81 84 106 86 85 87 118 62 101 100 97 120 
27 32 24 28 31 37 25 38 41 33 26 42 29 30 79 122 39 40 78 96 13 11 35 36 34 116 77 94 15 19 16 76 0 20 14 83 43 17 107 80 21 75 1 105 3 104 102 5 18 6 23 22 44 50 113 71 125 73 7 56 53 10 8 119 12 49 92 72 74 120 82 114 9 81 66 4 67 2 55 51 123 89 115 68 126 69 99 47 70 59 52 46 117 60 48 61 90 57 63 93 58 45 54 65 112 95 108 109 100 101 111 110 62 97 124 118 86 84 87 85 64 88 91 103 106 98 121 
94 96 27 41 121 32 92 38 37 24 33 28 39 31 42 25 126 102 43 29 44 34 35 40 36 26 13 30 53 11 15 56 1 50 79 0 78 120 6 14 19 104 49 47 93 105 12 16 55 107 4 5 52 113 20 117 119 21 77 3 114 23 116 48 22 76 17 18 46 45 10 9 51 123 71 8 7 75 83 2 80 73 54 72 99 125 66 110 82 89 74 115 67 111 65 57 81 63 59 60 90 97 61 58 69 106 70 68 112 100 124 64 109 101 108 95 88 91 62 118 86 84 85 87 103 98 122 
51 55 4 54 120 46 49 65 56 114 50 12 53 52 48 9 1 99 117 119 47 6 63 57 45 0 2 44 15 43 112 34 113 104 36 102 90 10 35 105 5 89 14 8 60 93 115 13 40 23 39 107 59 61 22 19 3 11 21 42 18 29 16 7 20 33 58 71 64 30 38 41 26 111 17 66 37 124 25 76 72 78 73 92 79 110 88 94 91 24 67 32 121 77 75 27 70 28 122 98 31 69 116 126 74 68 103 83 109 80 96 108 125 95 84 106 85 86 87 81 82 118 62 101 100 97 123 
88 91 112 63 57 90 61 60 58 98 59 103 99 89 64 115 65 2 9 51 54 114 10 8 119 123 66 12 113 4 7 49 23 6 22 5 104 55 105 71 18 3 107 120 14 21 72 70 0 109 19 20 1 50 16 73 15 46 17 67 56 76 69 48 52 11 53 13 36 117 34 35 40 47 84 45 30 78 85 108 29 75 43 86 26 68 44 79 39 42 87 102 77 33 95 74 93 38 25 37 41 111 116 83 24 80 110 32 121 28 27 31 92 94 125 118 122 81 82 126 96 62 106 101 100 97 124 
81 80 82 83 116 74 77 75 68 79 78 31 28 76 69 67 24 73 32 17 62 121 72 25 26 30 27 70 20 16 71 118 95 37 18 21 11 19 66 29 7 3 101 108 22 107 38 23 13 14 33 5 40 105 42 41 8 100 104 10 113 35 36 15 109 0 39 6 34 119 2 87 86 115 96 1 89 59 84 85 12 9 58 122 61 114 60 50 49 90 43 99 56 120 94 57 4 102 63 53 44 55 51 123 92 112 65 46 54 52 47 124 117 48 103 45 126 93 88 91 97 64 111 98 110 106 125 
92 94 122 102 96 44 93 43 106 41 39 47 53 110 117 38 45 33 52 42 34 27 48 37 56 121 35 36 111 46 32 40 50 24 29 25 120 1 28 55 13 31 15 4 26 49 0 123 11 30 51 12 6 114 54 104 119 14 113 105 19 9 79 5 107 78 16 23 3 21 65 20 10 22 8 2 18 99 97 17 71 76 7 77 57 63 116 89 115 73 90 75 60 72 59 66 112 61 83 80 58 67 125 64 74 82 81 70 69 68 124 88 91 109 98 108 100 95 101 103 84 86 85 87 62 118 126 