1
130
6110
1 334.5909245845 161.7809319139
2 397.6446634067 262.8165330708
3 503.8741827107 172.8741151168
4 444.0479403502 384.6491809647
5 311.6137146746 2.0091699828
6 662.8551011379 549.2301263653
7 40.0979030612 187.2375430791
8 526.8941409181 215.7079092185
9 209.1887938487 691.0262291948
10 683.2674131973 414.2096286906
11 280.7494438748 5.9206392047
12 252.7493090080 535.7430385019
13 698.7850451923 348.4413729766
14 678.7574678104 410.7256424438
15 220.0041131179 409.1225812873
16 355.1528556851 76.3912076444
17 296.9724227786 313.1312792361
18 504.5154071733 240.8866564499
19 224.1079496785 358.4872228907
20 470.6801296968 309.6259188406
21 554.2530513223 279.4242466521
22 567.6332684419 352.7162027273
23 599.0532671093 361.0948690386
24 240.5232959211 430.6036007844
25 32.0825972787 345.8551009775
26 91.0538736891 148.7213270256
27 248.2179894723 343.9528017384
28 488.8909044347 3.6122311393
29 206.0467939820 437.7639406167
30 575.8409415632 141.9670960195
31 282.6089948164 329.4183805862
32 27.6581484868 424.7684581747
33 568.5737309870 287.0975660546
34 269.4638933331 295.9464636385
35 417.8004856811 341.2596589955
36 32.1680938737 448.8998721172
37 561.4775136009 357.3543930067
38 342.9482167470 492.3321423839
39 399.6752075383 156.8435035519
40 571.7371050025 375.7575350833
41 370.7559842751 151.9060751898
42 509.7093253204 435.7975189314
43 177.0206999750 295.6044772584
44 526.1674198605 409.4859418161
45 316.5725171854 65.6400108214
46 469.2908100279 281.9891445025
47 572.7630641427 373.3208821255
48 29.5176994283 330.0382309000
49 454.0082936692 537.2178547659
50 416.1546762271 227.6133100741
51 535.2514330806 471.0648643744
52 265.4455533675 684.9987192464
53 478.0542110167 509.6452028741
54 370.4781203413 332.5390063041
55 598.3479202004 446.8693279856
56 201.1521139175 649.0260268945
57 193.6925360026 680.2322840744
58 448.5792598859 532.7934059740
59 603.2853485624 134.4006473609
60 543.0102490781 481.5168231148
61 214.5750793346 43.6460117543
62 426.3501451825 61.7285415996
63 89.0447037063 277.1158385868
64 84.4920100219 31.8474816424
65 220.0468614154 623.0778103080
66 688.4613313444 0.4702312726
67 687.2857531630 373.5346236130
68 75.4934933967 312.9175377486
69 63.4170993511 23.7039309674
70 97.9363495877 211.0910930878
71 399.5255884970 170.8221968365
72 456.3167017346 597.1937161677
73 319.8855102422 626.8396604886
74 295.9250894897 664.6291554845
75 288.4868857235 667.7284070537
76 268.3951858954 52.9010181645
77 140.4709056068 513.5566720960
78 689.8079027159 167.5947003748
79 280.5784506848 458.7533546925
80 453.3884433554 282.9082328989
81 213.5704943432 525.8681817779
82 133.6953004520 677.1757808026
83 521.1658690522 132.8617086506
84 30.2657946347 450.0754502986
85 657.0199585283 39.7772908299
86 6.9252241961 23.8749241575
87 252.4286967767 535.1659364856
88 42.8551682504 63.8232081774
89 145.8999393902 399.5255884970
90 638.4885715591 62.6262558472
91 489.2756391122 665.3131282446
92 361.2231139311 564.2347787901
93 519.9475425732 347.9711417040
94 129.3349741063 435.6692740389
95 259.7172815016 454.6495181318
96 676.3421890013 371.0979706551
97 84.5133841706 183.3260738572
98 77.7164048671 354.3833863300
99 335.9802442534 660.6321896676
100 264.3554717810 377.5743377274
101 51.6826916855 676.0429509187
102 692.1376849300 543.8010925819
103 169.2191356800 547.8194325476
104 194.0131482339 263.4791316822
105 415.1928395332 78.9133571973
106 415.0432204919 479.0801701569
107 169.8389859939 245.6103433244
108 525.0987124228 213.5063718969
109 238.6851191283 33.4932910965
110 116.2112467718 363.5742702940
111 16.9283258126 656.5711014044
112 434.3440768162 92.6996831431
113 40.5253860363 424.6829615797
114 530.4849979086 183.8390534273
115 484.3595848990 49.2460387276
116 263.6501248722 426.5852608187
117 450.2891917862 126.3853415784
118 441.7822805823 299.7724362653
119 24.2169105375 500.3474481664
120 503.7886861157 514.6895019799
121 635.5389390312 200.9811207275
122 614.5922732529 418.8691931188
123 21.7161351334 660.9741760476
124 143.8266469611 92.6996831431
125 637.7191022040 54.2048412384
126 566.5645610042 199.9551615873
127 196.6849168280 221.8209157619
128 384.9270448985 87.4630166986
129 178.1107815614 104.6905805938
130 403.2874386776 205.8971749407
EOF

40 38 70 129 15 127 44 49 104 1 111 116 75 61 33 126 16 108 4 10 128 60 2 79 53 103 117 30 45 106 17 114 82 107 113 34 7 19 26 123 42 27 18 99 125 29 69 25 3 20 96 92 32 58 62 14 115 63 23 6 109 36 67 21 78 94 120 28 68 88 87 43 39 46 89 97 124 41 105 22 37 93 84 47 24 77 85 50 52 121 59 86 11 80 54 57 65 119 48 112 95 76 91 31 12 66 35 83 102 13 9 71 118 72 64 98 73 55 5 74 101 90 51 56 8 81 100 110 122 0 
49 129 117 79 45 53 34 19 70 38 17 16 40 0 3 33 30 107 7 2 116 92 113 20 26 32 111 99 127 82 125 104 36 15 21 43 18 61 103 126 41 46 39 115 44 29 105 42 22 78 106 14 23 114 37 94 58 120 75 50 28 52 59 121 128 54 119 4 27 57 108 48 10 60 88 95 109 69 91 123 77 11 62 86 66 12 89 13 124 93 80 9 96 67 25 97 71 84 76 6 102 72 47 24 63 5 65 112 64 98 31 87 101 35 68 83 90 73 74 55 51 118 85 56 8 81 100 110 122 1 
113 82 107 7 17 125 116 29 49 70 38 111 129 58 45 20 79 114 104 32 40 120 61 1 19 117 127 0 27 89 92 15 124 77 34 21 36 84 53 22 46 39 44 3 43 16 65 4 12 41 95 75 33 121 30 66 10 54 13 50 108 9 26 59 126 99 60 105 103 128 18 52 106 119 42 115 37 78 57 23 48 14 123 94 28 69 5 25 101 91 96 88 71 62 109 11 86 63 67 80 93 97 6 68 87 72 90 76 47 24 102 98 85 112 64 73 31 74 35 83 55 51 118 56 8 81 100 110 122 2 
34 19 41 92 117 43 53 105 79 45 36 50 21 39 46 1 52 59 119 37 57 20 48 17 22 32 49 16 54 30 121 78 99 129 115 7 107 33 94 91 26 23 71 70 113 2 18 125 14 38 95 13 9 66 11 28 40 86 0 12 116 82 120 80 72 5 29 103 42 90 111 101 98 126 58 88 127 104 106 73 93 102 15 61 74 64 77 109 76 114 44 51 55 97 62 67 75 89 124 27 8 128 56 69 4 84 112 108 60 10 96 24 35 31 47 83 123 25 81 118 6 65 100 63 122 110 87 68 85 3 
10 44 75 108 15 60 127 61 104 111 0 40 128 27 38 114 116 70 123 129 63 82 126 49 68 2 25 1 87 106 113 103 96 33 29 69 107 7 85 17 16 79 58 45 42 125 117 6 30 124 89 53 19 84 26 62 34 18 20 65 99 120 32 67 92 3 109 77 14 97 115 88 47 21 23 36 24 28 46 39 94 78 22 43 93 41 105 37 112 31 121 95 12 50 35 66 54 83 59 80 52 86 11 76 57 119 13 48 9 91 102 118 71 72 64 5 55 98 101 73 74 51 90 56 8 81 110 122 100 4 
101 54 9 59 13 121 50 119 66 95 52 41 43 39 46 22 12 48 90 71 57 36 21 92 105 3 32 20 91 19 34 37 45 117 79 98 17 120 72 7 125 107 53 77 73 113 1 74 78 49 2 11 86 94 29 115 58 51 129 99 16 23 30 82 64 80 70 26 14 33 28 38 55 116 8 18 56 89 40 102 124 0 84 111 76 114 104 88 127 61 81 93 42 65 103 15 126 27 109 106 44 97 100 67 75 62 112 35 83 118 31 4 122 110 69 128 24 10 108 47 60 96 123 25 6 63 87 68 85 5 
96 69 25 62 87 67 123 106 47 24 126 128 63 68 85 97 103 42 109 60 88 112 31 18 108 33 26 35 83 93 75 30 14 16 99 0 10 28 44 118 23 115 4 40 15 76 94 127 70 38 53 78 129 1 49 80 102 104 111 61 11 34 86 116 117 79 37 45 19 3 2 114 17 110 64 122 105 82 27 107 7 55 100 113 91 81 92 56 72 20 125 8 41 43 57 29 32 74 48 73 52 51 36 21 98 39 46 58 119 50 59 71 22 120 89 124 54 121 84 77 90 95 66 65 13 12 9 5 101 6 
107 113 17 125 2 20 32 82 45 29 79 19 120 49 58 116 117 129 92 70 1 38 21 36 111 22 46 34 39 40 77 114 104 61 3 89 127 43 53 124 0 27 95 12 84 15 41 121 66 54 13 16 9 50 44 59 30 65 33 105 52 119 4 75 26 99 10 57 48 126 37 18 103 115 108 78 60 23 94 106 42 5 14 128 101 91 71 28 123 11 86 88 69 109 25 80 62 96 90 93 72 67 97 63 98 6 76 102 68 73 87 47 64 74 24 112 51 31 55 35 83 85 8 56 118 81 100 122 110 7 
56 55 51 64 81 74 73 72 98 102 100 11 86 80 76 122 110 91 37 94 78 28 23 71 118 93 115 90 14 57 48 105 88 35 83 112 99 31 52 18 109 119 26 97 30 3 16 24 50 53 41 59 42 33 67 47 34 43 103 62 106 117 54 19 92 1 126 5 79 39 46 36 45 121 21 69 101 49 22 96 129 6 20 17 32 0 13 9 70 25 40 95 38 7 107 66 128 2 12 113 123 125 116 127 15 44 82 111 75 104 60 87 120 108 29 61 63 58 68 10 4 85 114 77 27 89 124 84 65 8 
13 66 95 12 121 54 22 39 46 101 21 36 5 59 43 50 32 41 92 20 119 120 52 19 3 125 77 17 45 7 107 48 57 79 117 34 105 113 58 71 29 2 90 1 53 82 49 37 129 89 91 124 116 70 84 38 16 78 111 40 30 65 114 115 72 99 94 98 104 0 33 61 26 127 23 11 86 27 73 14 18 74 15 28 80 51 44 64 103 42 126 102 55 88 106 8 75 76 93 4 56 109 10 108 128 60 97 81 62 67 69 123 96 112 25 35 83 24 31 47 118 6 100 122 110 63 87 68 85 9 
4 75 108 44 60 15 127 128 104 61 123 0 40 111 38 63 70 27 114 116 68 126 129 25 87 49 106 96 82 103 85 69 2 1 33 6 113 16 42 107 7 17 30 29 79 62 45 117 53 26 125 58 18 19 124 34 89 67 99 84 20 109 32 97 120 14 65 47 3 88 92 24 115 23 28 77 94 21 36 78 93 46 39 43 22 112 41 31 37 105 35 83 80 76 50 86 11 121 95 12 52 54 59 66 57 102 119 118 48 91 13 9 71 64 72 55 98 73 74 5 101 51 56 81 8 90 110 122 100 10 
86 80 94 78 102 64 37 23 28 115 91 72 76 55 14 73 74 51 98 56 93 99 8 105 88 18 81 26 57 48 30 71 109 16 52 118 53 35 83 33 112 3 100 31 42 97 119 34 122 110 90 41 103 67 50 24 59 43 106 117 47 62 1 19 126 79 92 45 49 36 39 54 46 69 129 21 121 0 17 22 96 70 20 32 40 38 6 5 25 7 107 128 101 2 13 9 113 95 116 123 125 66 127 15 44 111 75 12 82 104 60 108 61 29 120 87 10 63 58 4 114 68 85 77 27 89 124 84 65 11 
66 95 13 9 22 121 46 39 21 36 54 32 20 120 92 77 43 101 125 5 50 59 41 7 107 17 19 58 113 45 29 79 119 3 2 117 52 82 34 89 124 49 48 57 84 105 1 129 53 116 71 65 70 38 111 114 90 40 37 104 61 91 16 27 127 0 30 33 78 99 15 115 26 94 23 72 18 44 98 14 11 86 28 73 103 80 126 4 74 75 42 106 10 51 64 88 108 102 60 128 93 55 76 109 8 56 123 62 69 97 67 96 25 81 112 24 47 35 31 83 6 63 118 68 87 100 122 110 85 12 
9 66 95 12 121 54 22 46 39 21 36 101 5 43 59 50 32 41 92 20 119 120 52 19 3 125 17 77 45 7 107 48 79 57 117 34 113 105 58 29 71 2 90 1 53 82 49 129 37 89 91 124 116 70 84 38 16 78 111 40 30 65 114 115 99 72 94 98 104 0 33 61 26 127 23 11 86 27 18 14 73 15 74 28 80 51 44 64 103 42 126 102 88 55 106 75 8 76 4 93 56 109 10 108 128 60 97 62 81 67 69 123 96 112 25 35 24 83 31 47 118 6 100 122 63 110 87 68 85 13 
23 28 115 18 99 94 26 88 78 93 30 109 80 42 16 33 86 11 76 37 102 103 97 53 106 67 112 62 126 35 31 83 24 47 105 34 91 64 118 3 1 69 72 55 117 57 96 79 48 49 73 74 19 56 0 129 52 98 45 51 8 81 6 25 41 40 70 71 119 43 92 128 38 100 110 50 122 123 17 59 36 21 39 46 44 15 20 75 127 107 7 116 60 2 32 90 108 54 22 111 104 113 87 121 63 61 125 10 82 68 4 85 29 114 95 13 9 5 120 66 58 12 27 101 77 89 124 84 65 14 
127 44 104 61 40 111 4 0 75 38 10 70 116 108 114 129 60 27 49 82 2 128 1 113 123 126 107 7 17 79 29 45 33 117 16 125 103 106 58 53 19 30 34 25 63 42 124 20 89 26 69 96 68 32 84 120 18 87 99 92 3 62 6 65 77 21 36 85 14 115 67 46 39 23 43 109 22 88 78 94 28 41 97 105 47 37 24 93 121 50 95 12 54 66 59 52 119 13 57 112 86 9 11 48 80 31 76 91 35 83 102 71 118 72 64 5 101 98 73 55 74 90 51 56 8 81 100 110 122 15 
30 33 26 99 53 18 1 103 115 42 14 34 23 126 106 117 94 49 78 129 28 0 79 3 19 88 45 70 40 37 38 109 105 93 62 17 67 97 69 86 92 11 80 128 116 127 15 41 44 43 96 107 2 7 76 20 91 111 75 104 25 24 52 57 102 113 36 47 123 32 21 48 112 39 46 60 61 6 50 108 82 119 31 125 35 59 83 22 10 4 72 64 114 71 29 54 118 121 55 98 73 63 58 74 87 120 27 68 51 56 95 8 13 66 9 81 90 12 85 77 89 124 5 100 110 122 84 101 65 16 
7 107 45 20 113 79 2 125 19 32 117 49 129 92 1 82 29 70 116 21 36 34 38 120 58 46 39 22 3 40 53 111 43 104 0 114 41 61 127 77 121 95 16 12 15 89 54 66 124 50 27 30 33 13 59 9 84 105 44 52 119 26 99 57 37 48 75 65 18 115 4 126 103 78 10 23 94 14 42 106 108 5 60 91 128 101 28 71 86 11 123 88 80 109 69 62 93 25 96 90 72 67 97 98 76 102 6 63 73 64 74 47 24 68 87 112 51 55 31 35 83 8 56 85 118 81 100 122 110 17 
26 99 14 30 23 33 42 115 28 16 88 103 94 109 78 93 106 126 97 53 67 62 80 76 37 86 11 24 34 69 112 47 102 1 31 35 83 3 96 117 0 105 49 129 79 118 91 25 6 19 40 45 70 128 64 38 123 57 72 48 55 41 52 92 17 43 44 75 15 73 60 127 74 119 98 56 116 108 51 50 81 8 71 107 7 2 36 20 104 111 59 21 87 39 46 32 113 63 10 61 100 110 122 4 68 82 22 125 54 121 85 114 90 29 58 120 27 95 13 9 66 12 5 77 101 89 124 84 65 18 
45 117 79 34 92 17 3 1 20 49 32 36 53 21 7 107 43 46 39 129 41 22 113 2 125 70 38 16 50 105 121 82 116 59 40 54 30 120 29 52 0 33 119 95 99 58 111 37 57 26 66 48 12 13 9 104 115 127 78 18 61 94 15 23 77 114 14 91 103 71 126 44 28 42 89 124 5 27 106 11 86 101 75 84 80 88 4 72 90 128 10 109 108 93 60 98 65 62 102 69 76 123 67 73 97 64 74 96 25 51 55 24 47 112 6 31 35 8 83 56 63 118 87 68 81 85 100 122 110 19 
32 17 7 107 21 92 36 125 45 19 22 46 39 113 79 120 117 2 43 29 49 34 82 3 121 58 95 1 12 41 66 129 54 77 13 116 9 70 53 50 38 59 111 40 89 124 114 119 52 105 104 0 61 127 16 84 57 30 48 27 15 33 5 101 37 99 65 26 44 115 78 71 18 94 91 23 14 103 126 75 4 42 28 106 10 90 11 86 108 60 128 72 80 88 98 109 123 93 69 73 62 102 74 76 64 96 67 25 97 51 55 6 24 47 63 112 8 56 31 35 83 68 87 118 81 85 100 122 110 20 
36 46 39 22 92 32 43 20 121 54 41 19 95 45 66 50 13 3 17 9 12 59 79 117 7 107 34 125 120 113 119 52 2 1 49 53 105 29 57 48 5 129 58 77 82 101 70 116 38 37 71 16 40 30 111 91 89 0 33 99 78 124 104 115 114 26 90 127 61 94 84 23 18 15 14 27 11 86 72 28 65 44 103 98 126 80 42 106 73 74 75 88 4 64 102 93 51 10 109 76 108 128 60 55 62 97 69 8 67 56 123 96 25 112 24 47 81 35 31 83 6 118 63 87 68 100 122 110 85 21 
46 39 21 36 121 95 32 92 54 43 66 20 13 9 12 41 50 59 19 45 17 3 7 120 125 79 107 117 119 34 113 52 5 101 2 77 105 29 1 49 58 48 57 53 82 129 70 71 116 38 37 89 16 124 40 91 111 30 90 84 0 114 78 99 33 104 115 61 127 26 94 23 65 27 15 18 14 72 11 86 98 28 44 103 80 126 42 73 74 106 75 88 4 64 51 102 93 10 76 109 108 55 128 60 8 56 62 97 69 67 123 96 25 112 81 24 47 35 31 83 6 118 63 87 100 68 122 110 85 22 
115 14 94 28 78 99 18 26 80 88 86 11 30 93 37 16 76 102 33 109 42 53 103 91 97 105 64 106 34 112 67 3 35 83 72 31 126 62 55 24 118 1 57 47 48 73 117 74 98 52 56 51 79 19 8 69 49 41 81 45 71 119 129 0 43 92 96 50 70 59 40 100 6 38 110 122 25 17 36 128 21 39 46 90 20 123 7 32 54 107 22 2 116 15 127 44 121 75 113 60 111 104 108 125 82 61 87 10 63 4 5 13 95 29 9 68 66 114 120 12 101 58 85 27 77 89 124 84 65 23 
47 97 67 31 112 109 62 35 83 88 93 69 42 118 6 106 96 103 18 28 14 76 25 126 26 23 99 33 102 115 30 94 80 16 78 123 87 128 11 86 110 122 63 85 68 100 64 53 37 55 81 60 0 56 1 108 75 34 8 40 91 129 44 49 72 105 70 51 74 117 38 3 73 10 15 79 127 98 19 45 4 57 48 104 116 52 111 17 41 61 92 71 43 119 2 107 7 50 113 20 59 36 82 21 32 39 46 114 125 90 22 27 54 29 121 58 120 95 13 9 66 5 12 89 124 77 101 84 65 24 
96 69 6 123 87 128 63 106 62 68 126 85 103 60 67 42 108 47 75 24 97 109 33 10 44 0 18 26 88 30 16 4 15 40 112 31 99 93 14 127 35 83 38 70 28 129 23 1 115 104 53 49 61 111 94 118 116 78 76 34 117 79 80 45 114 102 19 2 11 86 27 17 3 37 82 107 7 113 105 92 125 20 29 64 91 32 43 41 55 58 110 36 122 21 57 52 100 72 81 46 39 48 56 120 50 22 119 89 8 73 74 124 59 51 98 84 71 54 121 77 65 95 66 12 13 9 90 5 101 25 
18 30 99 33 16 14 115 42 23 103 28 94 88 78 53 106 109 126 93 1 34 97 62 67 37 80 86 11 117 3 69 76 0 49 129 79 105 24 47 102 112 19 40 96 45 70 31 35 38 83 91 128 25 6 92 123 118 57 17 41 64 48 52 43 44 15 127 72 75 116 60 107 7 119 2 55 108 20 104 111 36 50 21 73 32 39 59 113 46 74 71 98 61 10 51 56 82 87 4 8 125 22 63 81 54 68 121 114 29 100 110 122 85 90 58 120 27 95 13 66 9 12 5 77 89 124 101 84 65 26 
114 61 111 104 116 82 127 15 124 89 29 2 84 58 4 38 44 113 40 70 65 10 125 107 7 129 0 75 49 17 120 108 77 1 60 45 79 20 32 117 19 128 34 92 53 123 21 36 16 126 33 22 46 39 3 30 103 106 12 63 43 95 26 66 25 68 42 41 121 99 18 69 96 13 87 9 54 50 115 59 105 85 62 6 14 23 78 52 94 37 119 67 28 109 88 57 48 97 93 47 24 5 91 101 11 86 80 71 112 76 31 102 35 83 72 90 64 98 118 73 74 55 51 56 8 81 100 110 122 27 
14 23 94 115 88 78 93 18 99 80 76 26 86 11 102 109 30 42 37 97 16 33 112 35 103 83 31 67 64 118 53 106 24 62 91 47 55 105 126 72 34 56 3 73 74 81 69 8 51 98 1 57 48 117 52 96 100 110 122 79 19 49 71 6 0 41 129 45 119 25 43 92 40 70 50 128 59 38 123 17 90 36 21 39 46 20 44 7 75 107 15 54 32 127 60 116 2 22 108 87 121 113 111 104 63 125 61 10 68 82 4 85 5 13 29 95 9 114 66 120 101 58 12 27 77 89 124 84 65 28 
58 82 125 113 2 120 107 7 89 124 77 17 116 114 84 20 32 111 27 61 104 45 38 70 49 65 129 79 19 127 40 117 21 92 1 36 22 15 46 39 12 0 95 34 66 44 43 3 53 121 13 9 4 41 54 75 10 16 50 59 33 30 108 105 60 52 119 26 126 99 128 103 57 18 48 5 101 106 37 115 42 78 123 23 14 94 71 28 91 69 25 96 88 63 62 11 86 109 68 80 67 90 93 6 87 97 72 98 76 102 47 24 85 73 64 74 112 31 35 51 83 55 118 8 56 81 100 122 110 29 
16 33 26 99 18 53 115 14 23 103 42 94 78 1 28 34 126 106 88 117 49 109 3 129 37 0 79 93 19 45 70 40 105 62 97 11 67 80 86 38 69 76 92 17 96 102 91 128 24 41 47 43 112 15 25 57 116 127 44 52 7 48 107 2 31 123 20 35 75 36 83 6 111 104 21 113 32 119 50 39 46 60 108 64 72 59 61 82 118 125 22 71 10 4 55 73 98 54 74 121 114 29 51 63 87 56 8 58 68 120 81 27 90 95 13 66 9 85 12 100 110 122 77 5 89 124 101 84 65 30 
112 35 83 118 24 97 47 93 109 88 67 76 62 28 102 14 42 18 80 23 69 106 103 110 94 26 115 122 6 99 96 86 11 100 78 126 30 33 81 64 25 55 16 56 8 37 123 51 128 53 72 74 73 87 91 98 105 63 34 85 68 0 1 3 60 117 57 129 49 40 48 75 108 79 70 19 38 52 44 71 45 15 41 119 10 127 92 43 4 50 17 116 59 104 90 111 36 2 61 107 7 21 20 39 46 32 113 54 82 22 125 121 114 29 27 58 5 120 13 95 9 66 12 101 77 89 124 84 65 31 
20 21 36 92 17 22 7 107 46 125 39 45 19 120 113 79 117 43 2 95 121 12 29 66 58 3 34 41 82 54 49 13 77 9 1 129 50 59 116 53 70 38 89 111 119 40 52 124 105 114 104 84 0 61 127 16 57 48 5 101 30 27 33 15 37 65 99 26 71 44 78 115 91 94 18 23 14 103 126 75 4 90 42 28 106 10 11 86 108 72 80 60 128 88 98 109 93 73 123 74 69 102 62 64 76 67 96 97 25 51 55 6 24 8 47 56 112 63 31 35 83 68 87 81 118 85 100 122 110 32 
16 30 26 18 99 103 42 126 53 106 14 115 1 23 0 28 34 94 88 129 49 78 109 117 40 70 62 79 38 69 67 3 93 45 97 19 37 128 96 25 105 44 15 80 127 123 11 86 17 47 24 75 116 76 6 92 60 104 111 112 108 2 107 7 102 31 41 43 35 61 91 113 20 83 10 4 57 36 32 52 82 21 48 125 39 46 50 118 119 63 87 114 59 64 72 22 68 29 71 55 54 27 121 73 58 98 74 85 120 51 56 8 81 95 13 66 9 90 12 89 100 77 110 122 124 84 5 101 65 33 
53 117 3 19 79 45 1 92 49 16 43 41 17 30 129 105 36 20 21 33 39 46 99 32 7 107 37 26 70 50 115 52 78 22 38 59 2 18 57 113 119 40 94 0 23 48 125 14 54 121 116 91 28 82 103 42 111 126 29 11 86 127 71 120 95 104 106 13 66 15 9 80 58 88 61 12 44 114 72 109 93 5 77 102 75 76 98 90 62 128 97 101 67 64 27 69 73 74 4 89 108 60 10 124 96 123 51 55 25 84 24 112 47 31 35 83 56 8 6 118 65 81 63 87 68 100 122 110 85 34 
83 31 112 118 93 24 97 47 109 88 76 67 102 28 62 14 80 110 23 42 18 122 94 100 115 11 86 26 99 103 106 69 78 81 64 6 55 96 30 126 33 56 16 8 25 37 51 74 72 73 91 53 98 123 128 105 87 34 1 0 3 63 57 68 85 48 117 49 60 129 71 40 52 79 19 70 75 108 45 38 119 44 41 15 43 92 50 127 90 10 59 17 4 116 104 36 111 21 39 46 107 2 7 20 61 32 113 54 22 82 121 125 114 29 27 5 13 95 9 58 120 66 101 12 77 89 124 84 65 35 
21 46 39 22 92 43 32 20 121 41 54 19 95 50 45 3 59 66 13 17 79 117 9 12 34 7 107 125 119 120 52 113 1 105 2 53 49 57 48 29 5 129 58 82 101 77 70 116 37 38 71 16 30 40 91 111 33 99 78 0 89 115 124 26 104 90 94 114 127 61 23 84 18 14 15 11 86 27 72 28 98 65 103 44 80 42 126 73 106 74 88 75 64 4 102 93 51 109 76 10 108 128 55 60 62 97 8 69 67 56 123 96 25 112 24 47 81 35 31 83 6 118 63 87 68 100 122 110 85 36 
78 105 91 94 11 86 115 57 23 48 80 52 72 99 28 3 14 71 53 119 98 34 30 26 41 18 64 73 102 74 16 50 59 43 76 51 33 55 117 88 93 19 90 92 1 79 8 56 45 36 39 42 46 54 109 21 103 49 81 121 22 129 17 97 20 106 32 126 112 35 83 118 31 67 5 70 0 7 62 107 38 40 24 100 13 9 47 101 95 2 113 122 66 110 125 69 116 12 82 96 127 111 120 15 104 29 128 25 44 6 61 58 75 123 114 60 108 77 10 4 27 89 87 63 124 68 84 85 65 37 
70 40 129 116 0 127 49 111 104 15 61 2 1 44 82 17 113 79 114 107 7 45 117 75 19 125 27 29 4 53 34 16 33 10 20 108 58 30 32 126 60 92 128 3 103 120 26 106 89 21 36 99 124 42 123 18 46 39 43 84 22 77 41 115 69 25 14 96 23 105 78 65 94 62 63 121 37 28 50 95 88 109 54 12 59 66 67 6 52 68 87 119 13 97 57 9 48 93 11 86 47 91 24 80 85 76 71 112 102 31 35 5 83 72 101 64 98 118 90 73 74 55 51 56 8 81 100 110 122 38 
46 36 21 22 43 92 121 54 41 32 20 50 95 59 13 66 9 19 3 12 45 79 17 117 119 34 52 7 107 125 120 105 5 113 48 57 53 101 1 2 49 29 77 129 58 82 71 37 70 116 38 16 91 30 40 90 78 99 115 33 111 0 89 94 26 124 23 104 114 127 61 84 18 14 72 11 86 15 98 28 27 80 65 103 73 44 42 126 74 106 88 64 51 102 75 93 76 4 109 55 10 108 128 8 56 60 62 97 67 69 123 96 25 81 112 24 47 35 31 83 118 6 63 100 87 68 122 110 85 39 
38 70 0 129 127 15 116 104 111 49 44 61 1 2 75 82 114 79 4 17 45 113 117 107 7 10 33 16 108 53 19 126 27 60 34 30 128 125 29 103 106 20 26 58 123 32 42 3 92 99 18 120 69 25 36 21 89 124 96 115 14 46 39 43 84 23 62 22 63 41 77 78 94 28 105 109 6 68 88 67 87 37 65 97 50 121 59 52 54 93 95 12 47 66 85 119 57 24 48 86 11 13 80 9 91 112 76 31 102 35 71 83 72 118 5 64 101 98 73 74 55 90 51 56 8 81 100 110 122 40 
43 50 59 119 52 3 39 92 46 54 36 21 105 121 57 22 48 19 34 117 45 32 20 79 71 13 53 9 37 95 66 5 17 91 1 12 101 7 107 49 78 90 125 16 115 30 94 99 113 129 2 120 23 72 11 86 26 33 98 70 14 18 38 29 82 28 80 73 116 40 58 74 77 0 64 51 111 102 103 42 88 104 127 55 76 126 93 61 114 106 15 8 89 56 109 124 44 84 27 97 81 62 67 75 69 112 128 65 4 35 83 31 108 24 10 118 60 47 96 123 25 100 6 122 110 63 87 68 85 41 
103 106 126 18 26 62 109 33 67 88 30 97 69 99 14 16 28 96 93 23 47 24 115 25 6 94 112 128 78 31 53 123 0 35 83 76 1 80 40 129 34 49 86 11 102 60 70 118 37 75 38 117 87 44 108 79 63 3 15 45 19 127 68 105 10 85 116 104 4 91 111 64 17 61 92 2 55 107 7 41 57 72 43 48 52 113 20 82 81 56 73 74 36 32 119 114 21 110 8 122 98 50 51 100 125 39 46 59 71 22 27 29 54 121 58 120 90 95 13 66 89 9 124 12 77 84 5 101 65 42 
41 39 46 50 92 36 21 59 54 3 22 121 119 52 19 34 32 105 20 117 45 57 79 48 13 95 9 66 17 53 12 7 1 5 107 71 37 49 125 101 91 113 120 2 129 16 78 30 90 115 99 70 94 29 82 33 38 23 26 58 77 116 72 11 40 86 14 18 0 98 28 111 80 73 104 74 127 61 103 114 89 42 124 64 15 51 126 88 102 84 106 93 76 44 55 27 109 8 56 65 75 97 62 4 67 128 10 69 108 81 60 112 35 96 123 24 83 31 47 25 118 6 100 122 110 63 87 68 85 43 
15 75 4 10 127 108 0 104 40 60 61 111 38 70 128 116 129 114 123 27 49 126 1 82 2 106 103 33 63 25 113 16 107 17 68 79 7 96 69 45 30 117 42 29 53 87 125 26 19 34 58 6 18 62 85 99 20 124 89 32 84 3 67 120 92 14 109 115 23 88 97 65 21 36 77 28 47 94 78 24 46 39 43 22 93 41 105 37 112 31 50 121 52 80 95 11 54 59 86 12 35 83 76 66 57 119 48 13 91 102 9 118 71 72 64 5 55 98 73 74 101 51 90 56 8 81 110 122 100 44 
79 19 117 17 1 49 34 92 20 7 107 32 129 3 53 2 113 36 21 125 70 46 39 43 38 22 116 82 41 40 16 29 0 120 111 30 58 33 50 121 105 54 104 127 59 61 95 99 52 26 114 15 119 66 12 37 13 77 115 9 57 48 18 78 44 94 23 103 89 27 126 14 124 42 91 106 75 28 84 71 4 5 86 10 11 108 128 88 101 60 80 65 109 93 72 123 69 62 90 67 96 97 25 98 102 76 73 64 74 6 24 47 51 112 55 63 31 35 83 87 68 56 8 118 81 85 100 122 110 45 
39 36 21 22 43 92 121 54 32 41 20 95 50 13 59 66 9 19 12 3 45 17 79 117 119 34 7 52 107 125 120 105 113 5 48 57 53 1 101 2 49 29 77 129 58 82 71 37 70 116 38 16 91 30 40 78 90 99 33 111 115 89 0 94 26 124 104 114 23 127 61 84 18 14 72 11 86 15 28 98 27 65 80 103 44 73 42 126 74 106 88 64 51 102 75 93 4 76 109 55 10 108 128 8 60 56 62 97 67 69 123 96 25 81 112 24 47 35 31 83 118 6 63 100 87 68 122 110 85 46 
24 67 97 62 109 31 112 35 83 88 69 6 93 42 96 106 118 103 25 18 126 14 28 76 26 23 99 33 30 115 102 94 123 87 16 80 128 78 63 86 11 85 68 110 122 53 60 100 0 64 37 55 81 108 75 1 40 56 34 44 129 49 8 70 91 38 10 15 105 117 72 3 51 74 79 73 127 4 19 45 98 104 57 116 111 48 61 17 52 92 41 2 43 71 107 119 7 113 50 20 82 36 59 114 21 32 39 46 125 27 90 22 29 54 121 58 120 95 13 9 66 89 124 5 12 77 84 101 65 47 
57 52 119 71 105 91 50 59 41 37 90 43 3 72 54 98 78 34 121 39 92 11 46 86 73 5 36 74 94 21 115 53 19 22 101 117 23 51 80 99 64 79 45 13 9 14 28 30 16 32 55 20 95 1 26 66 102 8 18 56 17 33 12 49 76 7 107 129 88 93 81 125 113 2 42 70 103 109 120 38 0 40 106 126 82 116 29 97 100 112 58 35 118 83 77 67 31 111 62 122 110 127 104 24 15 47 61 69 114 44 89 96 128 124 75 25 27 84 6 123 108 60 4 10 65 63 87 68 85 48 
129 1 70 79 38 45 117 40 17 19 2 0 116 107 7 34 53 113 111 82 127 16 20 104 125 3 92 33 15 32 61 30 29 44 114 36 21 26 58 43 99 46 39 126 120 103 22 41 75 18 27 106 4 42 105 115 10 108 14 23 78 128 50 60 37 94 121 89 77 124 59 54 52 28 95 119 123 84 12 57 66 48 69 13 88 9 109 62 25 96 91 86 11 67 93 65 80 97 71 6 63 76 47 24 102 5 68 87 72 101 112 31 98 64 35 90 83 73 85 74 55 118 51 56 8 81 100 110 122 49 
59 41 119 43 54 52 121 39 46 48 57 36 105 21 92 3 22 71 5 13 9 95 101 19 34 66 32 20 37 117 91 45 90 12 79 53 17 1 7 78 107 72 49 125 98 115 94 16 99 113 120 11 30 86 129 23 2 73 26 74 33 14 80 70 18 28 29 82 77 38 58 51 64 116 40 0 102 55 111 8 88 76 42 103 56 93 104 127 126 89 61 114 106 124 109 15 84 81 44 27 97 67 62 65 75 112 35 83 69 31 118 128 24 4 47 100 108 10 60 96 123 122 25 110 6 63 87 68 85 50 
74 73 8 56 55 98 64 72 81 11 86 91 80 102 37 71 76 100 90 78 94 57 48 122 110 28 105 23 115 52 14 93 119 118 99 88 18 35 83 26 50 59 112 3 41 31 109 30 53 16 34 43 97 33 42 54 24 67 5 92 117 47 19 103 39 46 121 1 36 62 79 21 101 106 45 22 126 49 13 9 20 129 32 69 17 95 66 0 70 96 7 107 40 38 6 12 25 2 113 125 128 116 123 82 120 127 15 111 44 104 29 75 60 61 58 108 87 77 114 63 10 4 68 85 27 89 124 84 65 51 
119 48 57 50 105 59 41 71 43 91 3 37 54 90 39 121 46 92 36 34 21 5 22 72 19 78 53 98 117 101 13 94 9 11 86 45 79 115 73 32 95 20 74 23 66 99 1 80 30 16 17 12 51 14 28 64 26 49 18 7 33 107 55 102 129 125 8 113 56 2 76 120 70 88 93 38 42 40 0 103 82 29 81 116 109 58 77 126 106 111 97 127 104 112 67 15 35 61 83 62 118 31 100 114 44 24 89 122 47 69 124 110 75 84 128 27 96 25 108 4 123 60 10 6 65 63 87 68 85 52 
34 1 16 117 30 3 79 19 33 45 49 99 26 129 115 18 92 105 78 17 37 23 70 94 14 41 0 43 38 40 103 20 36 7 28 107 42 21 32 39 46 126 52 2 50 57 113 106 48 116 119 59 22 91 88 11 86 125 127 111 80 82 54 109 15 104 121 93 44 61 71 29 62 76 97 102 67 120 69 75 128 72 114 58 95 13 66 9 96 64 108 60 12 98 123 25 4 10 24 73 47 112 74 27 90 31 35 55 77 83 6 5 51 89 101 118 124 56 8 84 63 81 87 68 65 100 85 122 110 53 
121 59 50 39 46 43 22 13 41 9 36 21 95 66 119 5 92 101 52 12 32 3 48 20 57 105 19 71 34 45 117 79 17 7 90 107 120 125 53 37 91 1 113 49 2 77 29 129 58 78 82 16 72 115 30 98 94 70 99 38 116 11 86 23 33 26 40 73 14 74 18 89 0 111 28 80 124 51 84 104 114 64 127 61 102 15 103 55 42 65 88 27 8 126 76 56 93 106 44 109 75 81 4 97 62 67 128 10 108 69 60 112 35 83 31 24 123 96 118 47 25 100 122 6 110 63 87 68 85 54 
56 64 8 81 51 74 73 102 72 11 80 86 98 76 100 122 91 110 94 78 28 37 23 93 115 118 14 88 71 35 83 57 105 48 112 99 31 90 18 109 26 52 97 30 119 24 16 42 3 53 67 33 47 41 34 50 59 103 62 43 106 117 126 1 19 92 79 54 69 45 39 46 36 21 5 49 121 96 129 6 22 101 0 17 20 25 32 70 40 38 13 9 7 107 128 95 66 123 2 113 116 125 12 127 15 44 75 111 60 87 82 104 108 120 63 61 29 68 10 58 85 4 114 77 27 89 124 84 65 55 
8 55 81 64 51 74 73 102 72 100 98 11 80 86 122 76 110 91 94 78 37 28 118 93 23 115 14 71 35 83 88 57 90 48 112 105 31 99 18 109 52 26 97 119 30 24 16 42 67 3 47 53 33 41 50 59 34 62 103 43 106 117 126 19 1 92 54 79 69 45 39 5 46 36 121 21 49 96 6 22 101 129 0 17 20 25 32 70 13 9 40 38 7 107 95 128 66 123 2 113 12 125 116 127 15 44 75 87 111 60 82 104 108 120 63 29 61 68 10 58 85 4 114 77 27 89 124 84 65 56 
48 52 119 105 71 91 50 59 37 41 90 43 3 72 98 54 78 34 11 86 92 39 121 46 73 94 36 74 115 5 53 21 19 22 23 117 80 51 99 101 64 79 45 14 28 13 9 30 16 32 55 1 20 26 95 102 18 8 66 56 17 33 49 76 12 7 107 129 88 93 81 125 113 42 2 70 103 109 38 120 0 40 106 126 82 116 29 97 100 112 35 83 118 58 67 31 77 111 62 122 110 127 104 24 15 47 61 69 44 114 96 128 89 75 124 25 27 6 84 123 60 108 4 10 65 63 87 68 85 57 
29 120 125 89 82 124 113 77 2 84 107 7 17 114 20 116 32 65 27 111 61 104 45 38 70 49 79 129 19 21 127 22 36 92 117 40 12 46 1 39 95 66 15 0 34 121 13 43 9 44 3 53 54 41 4 50 75 10 59 16 33 30 108 105 119 52 60 26 126 99 5 101 128 57 103 48 18 37 106 115 42 78 123 23 94 14 71 91 28 69 25 96 63 88 11 86 62 109 90 68 80 67 93 87 6 72 97 98 76 102 47 85 24 73 74 64 112 31 51 35 55 83 8 56 118 81 100 110 122 58 
50 119 41 54 52 43 121 48 57 39 46 36 105 21 22 92 3 5 71 13 9 101 95 66 19 34 90 32 37 91 20 12 117 45 79 53 17 1 78 7 72 107 98 125 49 94 115 11 86 120 99 16 113 30 23 73 129 2 74 26 14 33 80 28 29 18 70 51 77 82 58 64 38 116 40 102 55 0 8 56 76 111 88 42 103 93 104 127 89 126 61 114 124 106 109 15 81 84 44 27 97 67 62 65 112 75 35 83 31 118 69 128 100 24 4 47 108 10 60 96 122 110 123 25 6 63 87 68 85 59 
108 75 128 10 123 44 4 63 15 68 25 0 87 127 126 40 96 69 104 106 85 61 38 103 70 111 6 129 116 42 33 62 114 49 27 16 1 30 26 67 18 2 82 53 109 79 99 97 47 117 113 45 17 24 107 7 34 88 14 19 29 125 115 23 28 58 93 3 20 94 112 78 124 31 89 32 92 84 35 83 120 37 36 21 65 76 105 43 80 46 39 41 77 86 11 118 22 102 50 52 91 57 59 121 48 119 54 95 12 66 64 13 72 9 71 55 73 74 98 56 81 51 110 8 122 100 5 90 101 60 
104 111 127 114 116 15 27 38 40 44 70 82 4 0 2 129 10 75 113 49 29 107 7 108 58 17 125 1 89 124 60 79 45 84 117 120 19 20 128 32 65 53 34 126 33 16 77 123 92 30 103 106 3 21 36 26 42 63 46 22 25 39 99 18 69 43 96 68 41 87 12 95 115 62 14 121 6 66 23 105 85 54 78 50 94 13 67 109 9 28 59 37 88 52 97 119 57 48 93 47 24 86 11 91 80 112 76 71 31 5 101 102 35 83 72 118 64 98 90 73 74 55 51 56 8 81 100 110 122 61 
67 69 97 47 106 24 42 109 96 6 103 126 25 88 112 18 31 93 26 33 35 83 14 123 128 28 30 99 16 23 87 115 118 76 63 94 68 78 60 85 0 80 102 108 53 75 86 11 40 1 44 129 70 49 10 15 37 38 34 127 117 4 79 64 3 45 104 19 105 110 55 122 111 116 91 61 100 81 56 17 72 2 8 92 73 74 57 107 7 51 48 41 113 52 82 98 114 43 20 119 36 32 27 125 21 50 71 39 46 59 29 22 58 54 121 120 90 89 124 95 13 66 9 77 12 84 5 101 65 62 
68 87 85 123 25 128 60 96 108 6 69 75 10 126 4 106 44 62 103 15 42 67 0 47 127 40 24 33 97 109 104 38 61 70 26 16 18 111 30 129 88 116 49 1 99 112 31 114 14 27 93 53 35 83 28 23 115 2 79 117 82 34 94 45 17 78 113 118 19 107 7 76 3 29 80 125 102 37 58 11 20 86 92 32 124 89 105 84 120 36 21 43 41 39 46 91 65 64 22 52 57 77 48 55 110 50 122 119 72 59 100 81 121 56 54 73 74 8 71 98 51 95 12 66 13 9 90 5 101 63 
55 56 8 51 74 73 102 11 86 80 72 81 98 76 91 94 78 100 37 28 23 115 122 110 93 14 118 88 71 105 57 48 99 35 83 18 112 90 31 109 26 52 30 97 119 16 3 53 42 33 24 67 34 41 47 50 59 103 62 43 106 117 19 1 126 92 79 54 45 39 69 46 36 21 49 121 5 129 96 22 6 0 17 20 101 32 70 25 40 38 13 9 7 107 128 95 66 2 123 113 116 125 12 127 15 44 75 111 82 104 60 87 108 120 29 61 63 10 68 58 4 114 85 77 27 89 124 84 65 64 
84 124 89 58 77 29 27 120 114 82 125 113 2 107 7 61 116 111 104 17 20 32 127 38 70 15 12 129 40 49 45 79 95 21 22 66 4 19 44 36 92 117 0 46 1 39 10 13 9 75 121 34 43 108 3 54 53 41 60 50 16 59 33 128 30 126 101 119 5 52 105 123 26 103 99 106 57 18 48 42 37 115 63 78 25 23 14 68 94 69 96 71 87 28 91 62 88 6 109 85 67 11 86 90 97 80 93 72 47 24 98 76 102 73 112 74 64 31 35 83 51 55 118 8 56 81 100 110 122 65 
95 12 13 9 121 22 46 54 39 21 36 32 20 43 92 101 5 59 120 50 41 77 125 7 17 19 107 119 45 3 113 52 79 58 117 29 34 2 48 57 82 105 49 1 89 53 71 124 129 84 116 70 90 38 37 65 91 111 114 40 16 104 30 61 0 78 127 27 99 33 115 94 26 15 72 23 98 18 11 86 14 44 28 73 74 80 103 126 42 51 4 75 64 106 88 102 10 55 93 108 76 109 8 60 128 56 62 97 69 123 67 81 96 25 112 24 35 47 83 31 6 118 63 100 68 87 122 110 85 66 
62 97 47 24 109 42 69 88 106 112 31 103 96 6 93 35 83 126 18 25 14 26 28 118 33 99 23 30 76 115 16 123 94 128 87 78 102 80 63 86 11 68 53 85 0 60 37 75 108 1 40 64 34 44 129 110 49 122 70 55 38 100 15 117 10 81 3 105 79 91 127 56 4 19 45 72 8 104 74 73 51 116 111 61 57 98 17 48 92 52 2 41 107 43 7 113 119 71 20 82 50 114 36 21 32 59 39 46 125 27 22 29 54 90 121 58 120 95 13 66 9 89 124 12 77 5 84 101 65 67 
63 87 85 123 25 128 60 96 6 108 69 75 10 126 106 4 62 44 103 67 42 15 0 47 24 127 97 40 33 109 104 38 61 70 26 18 16 30 111 88 129 116 112 31 49 99 1 14 93 114 27 35 83 53 28 23 115 2 79 117 82 94 34 118 45 78 17 113 76 19 107 7 80 3 29 125 102 86 11 37 58 20 92 32 105 124 89 84 36 120 21 43 41 91 39 46 64 65 22 110 57 52 122 55 77 48 50 100 72 81 119 59 56 121 54 73 74 8 51 98 71 95 12 66 13 9 90 5 101 68 
96 6 25 62 106 126 67 103 42 123 128 47 97 24 109 87 63 33 68 18 88 26 60 85 30 112 16 31 93 108 14 75 99 0 35 83 28 23 44 115 10 40 15 94 53 4 118 1 70 76 129 38 78 127 49 80 102 104 34 117 111 86 11 61 116 79 37 45 19 3 2 17 105 114 107 7 64 82 113 91 27 92 55 110 122 20 81 100 41 125 72 43 57 32 56 29 48 52 36 21 8 73 74 39 46 51 119 50 98 58 59 22 71 120 54 121 89 124 84 77 90 95 66 13 12 9 65 5 101 69 
38 40 129 49 0 116 127 111 1 104 2 15 61 79 17 82 45 113 107 44 7 117 114 19 53 125 34 16 75 29 33 20 4 27 30 10 32 58 126 108 92 3 60 103 26 128 120 106 36 99 21 42 18 89 124 46 123 39 43 22 41 84 77 115 14 69 23 25 105 78 96 94 37 62 121 50 28 65 54 59 88 95 109 63 12 52 66 67 119 6 57 68 13 48 97 87 9 93 11 86 91 80 47 24 85 71 76 112 102 31 5 35 72 83 101 64 98 118 90 73 74 55 51 56 8 81 100 110 122 70 
48 57 90 52 119 91 105 98 72 59 50 37 41 73 74 43 54 51 5 3 11 86 78 64 121 101 94 39 46 80 92 115 34 55 36 8 21 23 56 22 53 19 13 102 9 99 28 117 14 79 45 95 30 66 16 76 26 32 81 18 20 1 12 33 17 93 88 49 7 107 129 42 100 125 109 113 103 2 70 120 122 110 118 38 35 97 112 83 0 40 106 126 31 82 29 116 67 58 62 77 24 47 111 127 104 69 15 61 114 44 96 89 128 124 75 25 6 84 123 27 60 108 4 10 65 87 63 68 85 71 
98 73 74 91 51 64 11 86 55 8 37 56 71 80 57 48 102 78 90 105 94 81 52 115 23 76 119 28 14 99 50 59 41 93 3 100 18 88 26 53 30 43 122 34 110 16 118 54 109 33 35 83 92 112 117 19 5 31 39 46 42 121 36 97 21 79 1 45 101 22 103 67 24 106 49 47 13 20 62 9 32 126 17 129 95 66 7 107 70 0 12 69 38 40 2 113 125 96 116 6 25 120 82 128 127 111 29 15 104 44 123 58 61 75 77 60 108 114 10 4 87 63 27 89 68 124 84 85 65 72 
74 51 98 72 64 8 55 56 91 11 86 80 81 102 71 37 90 57 48 78 94 76 105 52 23 115 28 100 119 14 122 110 93 99 88 50 59 41 18 3 118 26 30 53 35 83 43 34 112 16 109 31 33 54 97 5 42 92 117 19 39 46 121 36 79 1 21 24 101 103 67 45 47 22 106 62 49 126 13 9 20 32 129 17 95 66 69 0 7 70 107 12 38 40 96 2 113 125 6 25 116 128 120 82 127 111 15 123 29 104 44 75 58 61 60 77 108 114 87 10 4 63 68 27 89 124 85 84 65 73 
73 51 98 72 64 8 55 56 91 11 86 81 80 102 71 37 90 57 78 48 76 94 105 100 23 115 28 52 119 122 14 110 93 99 88 118 59 18 50 41 3 26 35 30 83 53 112 109 34 43 16 31 33 97 54 42 5 92 117 19 39 46 121 24 36 67 103 1 79 21 101 45 47 22 106 62 126 49 13 9 20 32 129 17 95 69 66 0 70 7 107 12 40 38 96 2 6 113 125 25 116 128 120 82 127 111 123 15 29 104 44 75 58 61 60 108 77 114 87 10 4 63 68 27 89 85 124 84 65 74 
108 10 44 60 4 15 128 127 0 123 40 104 61 38 111 70 126 63 116 25 129 68 106 114 103 96 27 87 49 69 33 1 42 16 85 2 6 82 30 62 26 113 79 53 17 117 107 7 45 18 29 67 34 99 19 125 58 109 97 14 20 47 88 124 89 115 3 24 23 32 92 84 28 120 94 78 93 36 65 21 112 77 43 46 31 39 37 105 22 41 35 83 80 76 11 86 50 52 121 102 59 118 57 54 95 119 48 91 12 66 13 9 64 71 72 55 98 73 74 51 56 5 81 8 101 90 110 122 100 75 
102 80 93 28 11 86 88 118 35 83 23 14 94 112 64 31 55 78 115 109 81 97 56 18 99 100 110 122 8 24 26 37 67 51 72 47 74 73 42 91 30 62 98 33 16 103 106 105 53 126 69 57 48 34 71 3 96 52 6 1 119 25 117 41 90 19 79 49 50 43 0 45 59 129 128 92 123 40 70 38 36 39 46 17 21 87 54 20 60 75 44 22 121 32 63 15 7 107 108 127 68 116 2 85 113 111 104 5 10 125 61 82 4 13 9 101 95 66 29 114 12 120 58 27 77 89 124 84 65 76 
120 58 29 89 124 125 84 113 65 7 32 107 82 20 12 2 17 95 66 22 21 36 46 114 39 13 116 9 45 92 27 19 121 79 111 49 117 61 104 129 38 70 43 54 1 127 40 34 41 3 50 15 59 0 53 101 5 44 119 52 4 105 16 75 30 48 57 10 33 108 99 37 26 71 60 126 115 78 18 103 91 128 94 23 106 14 42 90 123 28 11 86 72 88 69 80 25 96 109 98 62 63 93 67 73 97 74 68 102 76 6 64 87 51 47 24 55 85 112 31 8 56 35 83 118 81 100 122 110 77 
94 115 23 37 28 14 86 11 99 80 18 26 30 91 105 102 16 88 76 93 53 33 72 64 3 34 57 48 109 42 52 55 73 74 98 103 71 117 51 1 97 41 119 56 106 19 112 8 79 35 43 83 126 67 31 50 45 118 59 81 62 92 49 24 129 47 90 36 0 39 46 21 69 17 70 100 54 40 38 20 122 110 22 32 121 96 7 107 2 6 25 128 113 116 125 127 15 123 5 44 111 13 104 9 82 95 75 66 60 101 61 108 12 29 120 10 114 4 58 87 63 68 27 77 85 89 124 84 65 78 
45 117 19 1 17 49 34 129 92 53 7 107 20 3 32 2 70 113 36 21 38 125 43 39 46 40 116 16 41 22 82 0 30 33 29 111 105 120 50 127 104 58 99 121 26 59 54 61 52 15 114 37 119 115 95 18 78 57 66 12 48 44 13 23 94 103 77 126 9 14 42 27 106 89 28 124 75 91 71 4 84 11 86 10 128 88 108 60 5 80 109 101 93 69 123 62 65 72 67 96 97 90 25 102 76 98 64 73 74 6 24 47 112 51 55 63 31 35 83 87 68 56 8 118 81 85 100 122 110 79 
11 86 102 76 94 28 78 64 23 115 14 93 55 37 88 72 91 56 99 74 73 8 51 18 81 98 26 109 118 35 83 112 105 30 31 97 100 16 42 57 122 110 33 48 53 71 67 24 103 52 47 3 34 62 106 119 126 90 41 1 117 50 59 43 69 19 79 45 92 49 96 129 6 0 36 39 46 54 21 25 70 40 17 38 121 22 20 128 32 123 7 107 5 2 116 113 15 127 44 75 13 101 125 60 9 111 95 104 87 108 66 82 61 63 12 10 68 29 4 120 85 114 58 27 77 89 124 84 65 80 
56 55 8 100 64 122 110 51 102 74 73 76 80 11 86 72 98 118 93 28 35 83 91 94 78 23 112 31 88 37 14 115 109 99 97 18 71 105 57 24 48 26 90 47 67 30 52 42 16 62 119 33 53 103 3 106 34 41 50 59 126 69 43 117 1 96 6 19 79 92 45 54 25 49 39 36 46 21 129 5 121 0 22 70 17 101 128 40 20 32 38 123 7 13 107 9 87 95 2 66 113 116 44 60 75 15 127 125 63 108 12 68 111 104 85 82 61 10 120 29 4 58 114 77 27 89 124 84 65 81 
2 113 29 116 107 125 58 7 114 111 17 61 104 38 70 27 120 89 129 49 124 127 20 40 45 32 79 84 77 15 1 19 117 0 65 44 92 21 36 34 22 46 4 39 53 3 75 10 43 12 95 16 66 108 33 121 41 30 13 60 54 9 126 50 128 26 59 103 99 105 106 18 52 123 42 119 115 37 78 57 14 23 48 94 25 69 28 5 96 101 63 62 88 91 109 71 68 67 87 6 11 86 93 97 80 85 47 24 72 90 76 102 98 112 31 64 73 35 74 83 55 51 118 56 8 81 100 110 122 82 
35 31 112 118 93 24 97 47 109 88 76 67 102 28 62 14 80 110 23 122 42 18 100 94 115 11 86 26 99 69 103 106 78 81 64 55 6 96 30 56 126 33 8 16 25 37 51 74 72 73 91 53 98 123 128 87 105 34 1 0 3 63 57 85 68 48 117 49 60 129 71 52 40 79 19 70 75 108 45 38 119 44 41 15 43 92 50 90 127 10 59 17 4 116 104 36 111 21 39 46 107 2 7 20 61 32 113 54 22 82 121 125 114 29 5 27 13 95 9 58 120 66 101 12 77 89 124 84 65 83 
124 89 65 58 29 77 120 82 27 114 125 113 2 107 7 116 111 61 104 17 20 32 127 38 70 129 15 49 45 40 12 79 21 22 19 36 95 66 92 117 44 1 46 0 4 39 13 9 10 121 34 75 43 3 53 54 108 41 60 50 16 59 33 30 128 126 119 105 52 101 5 26 103 123 99 106 57 48 18 42 37 115 78 23 14 63 94 25 69 96 71 68 28 91 87 62 88 109 6 11 86 67 90 85 80 97 93 72 47 24 98 76 102 73 112 74 64 31 35 83 51 55 118 8 56 81 100 110 122 84 
87 68 63 25 123 6 96 128 69 60 108 75 62 10 126 106 67 103 4 47 44 42 24 97 15 0 109 33 127 40 18 26 31 88 112 16 30 104 38 70 61 35 83 93 111 129 99 14 116 49 1 28 23 53 118 114 115 27 94 76 78 117 79 2 34 82 45 17 80 19 113 102 107 7 3 86 11 37 29 125 20 58 92 105 32 124 89 110 64 122 91 36 43 21 41 84 120 100 55 39 46 81 57 52 72 22 48 56 65 50 8 77 119 73 74 59 51 98 121 54 71 95 12 66 13 9 90 5 101 85 
11 80 78 94 102 64 37 23 28 115 91 72 76 55 14 73 74 51 98 56 93 99 8 88 105 18 81 26 57 48 30 71 109 16 52 118 53 35 83 112 33 3 100 31 42 97 119 34 122 110 90 41 103 67 50 24 59 43 106 117 47 62 1 19 126 79 92 45 49 36 39 54 46 69 129 21 121 0 17 22 96 70 20 40 32 38 6 5 25 7 107 128 101 2 13 9 113 116 95 123 125 66 127 15 44 111 75 12 82 104 60 108 61 120 29 87 10 63 58 4 114 68 85 77 27 89 124 84 65 86 
68 63 85 25 123 6 96 128 69 60 108 62 126 106 75 10 103 67 47 42 44 4 24 97 0 109 15 33 40 127 18 26 88 16 30 31 112 38 70 104 93 61 99 35 83 129 14 111 1 28 49 116 23 53 115 118 114 94 27 76 78 117 79 34 2 45 82 19 80 17 102 113 107 7 3 11 86 37 29 125 20 92 105 58 32 64 91 110 43 124 36 89 41 122 21 55 120 100 39 46 84 57 81 52 48 72 22 56 50 119 8 65 59 73 74 77 51 98 121 54 71 95 12 66 13 9 90 5 101 87 
93 109 28 14 97 18 23 42 112 67 76 26 99 31 115 35 24 83 94 62 47 80 103 78 102 30 106 118 33 86 11 16 126 69 37 96 53 64 6 55 25 91 34 81 105 56 1 72 110 122 100 128 8 3 0 74 73 123 51 117 49 129 98 79 57 40 19 48 70 45 52 38 87 60 41 71 75 63 44 119 92 108 43 15 68 17 127 50 85 59 116 10 36 104 111 107 7 2 21 20 39 46 4 90 32 61 113 22 54 82 125 121 114 29 27 120 58 95 13 5 9 66 12 101 77 89 124 84 65 88 
124 84 58 65 29 77 82 120 114 125 27 113 2 7 107 116 111 61 17 104 20 32 127 38 70 129 45 49 40 15 79 12 19 21 22 36 117 92 95 1 66 46 0 39 44 4 13 9 34 121 10 43 75 3 53 54 41 108 50 16 60 59 33 30 128 126 119 105 52 26 101 5 103 99 123 106 57 18 48 42 37 115 78 23 14 94 25 63 69 71 96 28 91 68 62 87 88 109 11 86 6 67 90 80 93 97 85 72 47 24 98 76 102 73 64 74 112 31 35 83 51 55 118 8 56 81 100 122 110 89 
71 48 57 119 98 52 91 72 59 73 50 105 74 5 51 37 41 101 54 43 11 86 64 121 8 3 55 78 56 39 46 80 94 36 9 13 92 21 22 115 34 102 23 95 53 66 19 81 28 99 117 14 12 76 45 79 32 20 30 16 26 18 1 17 93 33 88 100 49 7 107 129 122 110 125 109 113 42 120 2 118 103 70 35 83 112 38 97 31 0 40 106 29 126 82 77 116 58 67 24 62 47 111 127 104 69 15 61 114 89 44 96 124 128 84 75 25 6 27 123 60 108 4 10 65 87 63 68 85 90 
37 72 57 48 98 71 105 11 86 73 74 52 78 94 119 64 80 51 90 115 23 55 102 41 50 3 8 28 59 56 14 99 43 76 34 53 18 26 30 81 16 54 93 92 88 117 19 39 33 46 36 121 21 79 5 45 1 22 109 42 100 101 49 118 20 103 32 35 83 112 13 97 122 17 9 110 129 31 95 106 66 126 67 7 107 24 70 62 12 0 47 38 40 113 2 125 69 116 120 82 96 29 111 127 15 104 58 6 128 25 44 61 77 123 75 114 60 108 4 10 89 27 124 87 63 84 68 85 65 91 
36 21 39 46 19 43 20 32 22 45 3 41 117 79 34 17 121 50 54 7 107 59 1 53 125 95 49 113 52 119 105 66 13 2 9 12 129 120 57 48 29 70 82 16 38 37 58 116 30 40 5 77 33 71 99 101 0 78 91 115 111 26 94 104 23 127 18 61 114 14 89 124 15 90 28 11 86 84 103 72 27 42 126 44 80 98 106 88 65 73 75 74 93 4 102 109 64 76 10 128 51 108 60 62 55 97 69 67 123 8 56 96 25 112 24 47 31 35 83 6 81 118 63 87 68 100 122 110 85 92 
88 109 28 76 112 14 97 35 83 31 23 102 18 80 118 24 94 67 115 47 99 42 26 78 86 11 62 103 30 106 33 16 64 37 126 55 69 81 110 122 56 100 96 53 6 91 8 72 74 73 51 25 105 34 98 1 3 57 128 48 117 0 123 49 52 79 129 19 71 40 45 70 41 87 119 38 43 92 60 63 50 75 44 59 68 108 17 15 90 85 127 36 21 39 116 46 20 7 107 10 104 2 111 32 54 4 113 22 61 121 82 125 114 29 5 13 95 9 120 66 27 58 101 12 77 89 124 84 65 93 
78 115 23 28 14 99 11 86 80 37 18 26 88 30 102 93 76 16 91 105 33 53 109 64 42 72 34 3 103 55 57 97 48 73 74 98 112 52 35 106 83 51 67 31 56 1 117 118 126 8 71 62 41 119 24 19 81 79 47 43 45 49 50 92 59 129 69 0 100 90 122 70 110 36 39 40 46 96 21 17 38 54 20 6 25 32 22 121 7 107 128 2 116 123 113 127 15 44 125 75 111 104 60 5 82 13 108 9 95 61 66 101 29 87 10 12 120 4 63 114 58 68 85 27 77 89 124 84 65 94 
66 12 13 9 22 121 46 39 54 21 36 32 20 43 92 50 59 101 120 5 41 125 77 19 7 17 107 119 45 3 113 79 52 117 58 29 34 2 48 57 105 82 49 1 53 89 71 124 129 84 116 70 90 38 37 111 91 65 114 40 16 104 30 61 0 78 127 99 27 33 115 94 26 15 72 23 98 18 11 86 14 44 28 73 74 80 103 126 42 51 75 4 64 106 88 102 10 55 93 108 76 109 128 8 60 56 62 97 69 123 67 96 81 25 112 24 47 35 31 83 6 118 63 100 87 68 122 110 85 95 
69 25 6 62 106 123 126 128 87 67 103 42 63 47 68 24 97 85 109 60 108 33 18 75 88 26 112 30 31 16 0 93 44 14 10 99 35 83 28 40 4 15 23 115 70 127 38 129 1 53 94 118 49 76 78 104 111 61 80 34 116 102 117 79 86 11 45 37 19 3 2 114 17 82 107 27 7 105 113 64 92 91 110 20 55 122 125 29 100 32 41 43 81 72 57 36 56 52 21 48 58 8 39 46 73 74 51 119 50 98 22 59 120 71 89 124 54 121 84 77 95 90 65 66 12 13 9 5 101 96 
109 67 24 47 62 112 88 31 93 35 83 42 106 69 18 103 14 28 118 6 26 76 96 126 23 99 115 33 25 30 94 102 80 16 78 86 11 128 123 87 53 37 64 110 122 55 0 63 100 81 68 1 85 34 60 56 91 40 75 129 108 105 8 49 72 3 117 70 44 38 74 73 51 79 15 19 45 98 10 127 57 48 4 52 104 116 41 17 92 111 71 43 61 119 2 107 7 50 20 59 36 113 21 39 32 46 82 114 125 90 22 54 27 121 29 58 120 95 13 9 66 5 12 89 124 77 101 84 65 97 
72 73 74 51 91 64 8 55 71 56 11 86 90 37 57 48 80 105 102 81 52 78 94 119 76 115 23 28 59 50 14 41 100 99 3 93 122 43 110 18 88 26 34 53 30 54 5 16 118 92 121 35 39 109 33 83 46 101 19 117 36 112 21 31 79 42 22 45 97 1 103 13 9 67 24 20 32 49 95 106 47 17 66 62 126 129 12 7 107 70 0 38 69 40 113 125 2 96 116 120 6 82 25 29 127 111 128 15 104 58 44 123 61 77 75 60 114 108 10 4 87 89 27 63 124 68 84 85 65 98 
26 18 115 30 14 23 16 94 33 78 28 53 42 88 103 37 93 109 80 34 86 11 106 126 1 3 105 76 97 117 102 67 62 91 79 49 19 129 45 0 112 24 69 47 31 57 35 83 70 48 40 64 52 41 72 92 38 43 96 118 17 119 55 128 25 50 73 74 71 98 6 59 36 21 20 39 51 7 46 107 123 56 116 127 2 15 44 32 8 75 81 113 111 22 104 60 54 108 125 121 61 82 90 100 10 110 122 4 87 63 29 114 68 120 95 13 58 9 66 5 12 27 85 101 77 89 124 84 65 99 
122 110 81 56 55 8 102 64 118 76 51 80 83 35 74 11 73 86 31 112 93 72 28 98 88 94 23 14 78 109 97 115 91 24 37 47 18 67 99 26 42 62 71 105 30 57 48 103 16 33 90 106 52 69 53 126 119 3 6 96 34 41 50 59 25 1 117 43 19 79 92 45 49 128 0 129 123 54 36 39 46 21 87 70 40 121 5 38 17 22 20 63 32 68 60 85 101 75 7 107 44 108 15 127 2 116 13 9 113 95 111 104 125 66 10 82 61 4 12 29 120 114 58 27 77 89 124 84 65 100 
5 9 13 54 121 59 66 50 95 119 12 22 39 46 41 43 52 21 36 90 48 71 57 92 32 105 3 20 19 91 34 45 120 117 37 79 17 125 7 107 98 77 72 53 113 1 73 2 29 58 49 78 74 11 86 94 115 82 129 51 16 99 30 23 70 64 80 116 89 38 26 33 14 124 28 55 18 8 84 40 56 111 0 102 114 104 65 61 127 76 88 42 103 93 81 15 27 126 106 109 44 97 75 100 67 62 4 112 35 83 118 31 128 10 69 122 108 110 24 60 47 96 123 25 6 63 87 68 85 101 
76 80 11 86 64 55 28 93 94 81 56 23 78 14 8 88 118 115 51 35 74 72 83 73 100 112 37 122 110 31 109 91 99 18 98 97 26 24 30 42 67 105 47 16 33 57 62 48 103 71 53 106 52 3 34 126 119 90 69 41 1 117 50 96 59 6 43 19 79 45 49 92 25 129 0 36 39 46 54 70 128 21 40 38 17 123 121 20 22 32 7 107 5 87 2 44 75 60 15 116 127 113 108 63 101 111 13 125 104 9 68 95 82 66 85 61 10 4 12 29 120 114 58 27 77 89 124 84 65 102 
106 42 126 33 26 18 62 69 30 16 109 67 99 96 88 14 97 25 128 6 23 0 28 47 115 123 24 93 53 94 1 40 78 129 60 75 112 49 70 31 38 44 108 34 35 15 83 87 117 63 76 79 127 80 10 37 68 45 3 86 11 19 102 4 104 116 118 111 85 61 105 17 2 107 7 92 91 113 82 41 20 64 114 43 57 32 52 48 125 36 21 72 55 27 39 46 50 119 29 59 73 74 22 56 81 98 71 8 51 58 110 122 100 54 120 121 89 124 95 90 66 77 13 9 12 84 5 65 101 103 
61 111 127 116 15 114 38 40 70 44 27 0 82 129 2 4 49 75 10 113 29 107 7 108 1 17 125 58 60 79 45 117 89 124 19 128 20 84 120 53 32 33 126 16 34 123 30 65 103 77 92 106 3 21 26 36 42 25 46 63 99 39 22 18 69 96 43 68 41 87 115 62 14 6 12 95 23 121 105 66 78 94 50 54 67 85 109 28 88 37 59 13 9 52 97 119 57 93 47 48 24 86 11 91 80 112 76 31 71 102 5 35 83 101 72 118 64 98 90 73 74 55 51 56 8 81 100 110 122 104 
57 48 52 37 119 3 91 41 50 71 59 43 78 34 53 94 115 92 11 86 72 19 23 117 99 54 39 36 46 21 98 30 79 90 16 45 14 80 121 28 26 1 22 73 18 74 33 64 20 32 49 17 51 102 5 13 55 129 9 76 88 95 101 7 107 93 66 8 56 42 70 103 12 113 125 2 109 38 0 40 126 106 81 116 120 97 82 29 67 112 62 35 83 111 31 118 58 127 104 24 15 47 100 69 77 61 44 122 114 110 128 96 75 25 123 89 6 60 108 124 27 4 10 84 65 63 87 68 85 105 
103 126 42 69 62 96 33 67 18 25 26 109 30 128 6 97 16 123 88 99 47 24 14 0 93 28 23 115 60 75 53 112 40 87 108 1 94 31 63 44 129 78 70 35 38 68 49 83 15 10 34 127 76 85 117 4 80 79 118 104 37 86 11 45 102 116 111 3 19 61 17 105 2 107 7 92 113 82 114 91 64 20 41 43 125 27 57 32 55 52 36 48 72 21 29 39 46 50 119 81 56 73 74 110 59 122 22 100 8 58 98 51 71 120 54 121 89 124 95 77 90 84 66 13 12 9 65 5 101 106 
7 113 17 125 2 20 82 32 29 45 79 19 49 58 120 116 117 129 70 92 1 38 21 36 111 22 40 34 46 39 114 77 104 61 3 89 127 53 124 43 0 27 15 84 95 12 41 121 66 54 16 13 9 44 50 65 30 33 59 105 52 4 119 75 26 99 10 57 126 48 37 18 103 115 108 78 60 106 23 42 94 14 5 128 101 91 28 71 123 11 86 88 69 109 25 62 80 96 90 93 67 72 97 63 98 6 76 102 68 87 73 47 24 64 74 112 51 31 55 35 83 85 56 8 118 81 100 110 122 107 
60 75 10 4 44 128 123 15 63 127 0 68 40 104 25 61 126 87 38 111 70 96 106 69 116 85 103 129 114 6 27 49 33 42 1 16 62 30 82 2 26 67 18 53 113 79 117 17 107 45 7 99 109 29 34 97 19 47 125 24 14 58 88 115 23 20 124 89 28 3 32 93 84 92 94 78 120 112 31 65 36 21 35 83 37 77 43 46 39 105 41 22 76 80 11 86 118 102 50 52 121 57 59 91 48 54 119 95 12 66 13 9 64 72 71 55 73 98 74 56 51 81 8 110 122 5 100 90 101 108 
97 88 67 93 24 42 62 47 112 18 31 14 28 35 83 103 106 26 23 99 76 69 115 126 118 33 30 94 96 16 80 78 6 102 25 86 11 53 37 128 123 64 0 55 1 34 87 110 122 81 91 100 105 56 129 3 49 40 117 63 72 60 8 70 68 75 79 74 38 73 108 51 85 19 44 45 98 57 15 48 127 52 10 41 92 17 116 4 43 71 104 119 111 2 50 61 7 107 59 36 20 21 113 39 46 32 82 125 90 22 114 54 121 29 27 58 120 95 13 9 66 5 12 89 101 77 124 84 65 109 
122 100 81 118 56 55 102 76 8 64 83 35 31 112 80 93 51 11 86 74 73 88 28 72 97 109 24 94 23 98 14 47 78 115 67 91 18 37 99 62 26 42 30 103 105 106 33 16 71 57 48 69 6 126 90 96 53 52 3 119 34 25 41 1 50 59 117 43 19 79 128 123 49 45 0 92 87 129 40 54 70 36 39 46 63 21 38 85 68 17 121 60 22 75 5 20 108 44 32 15 7 107 127 101 116 2 113 10 104 111 13 9 125 4 95 61 82 66 12 29 114 120 58 27 77 89 124 84 65 110 
104 61 116 127 114 38 15 70 40 82 27 2 129 0 44 113 49 29 107 4 7 17 125 75 1 58 10 79 45 108 89 117 124 19 20 60 120 84 32 53 34 128 16 33 77 92 65 126 30 123 3 21 36 103 106 26 46 22 39 42 43 99 18 25 41 63 69 96 12 95 121 115 68 66 14 105 23 54 62 50 87 78 13 94 59 6 9 37 28 109 52 67 88 119 85 57 97 48 93 47 24 91 86 11 80 71 5 76 112 101 31 102 35 83 72 64 90 98 118 73 74 55 51 56 8 81 100 110 122 111 
31 35 83 118 24 97 93 47 109 88 67 76 62 28 102 14 42 18 23 80 69 94 106 26 103 115 99 110 6 122 86 11 78 96 100 126 30 33 64 81 55 16 25 56 37 8 53 51 72 74 123 128 73 91 87 98 105 34 1 0 63 68 85 3 60 117 57 49 129 40 48 75 79 108 70 19 52 38 71 45 44 15 41 119 127 10 43 92 50 17 4 59 116 90 104 111 36 2 7 107 61 21 39 20 46 32 113 54 22 82 125 121 114 29 27 58 5 120 13 95 9 66 101 12 77 89 124 84 65 112 
2 107 7 125 82 29 17 58 20 116 120 32 45 49 79 129 70 111 38 19 114 117 1 104 61 77 89 40 92 124 21 127 36 27 22 84 34 46 39 0 15 53 3 43 12 95 65 44 66 121 41 16 13 54 9 33 4 30 50 75 59 10 105 26 108 99 52 119 126 60 103 18 57 37 115 128 48 106 42 78 23 94 14 5 101 123 28 91 71 69 25 88 96 11 86 62 109 80 63 67 93 90 97 6 72 68 87 76 102 98 47 24 73 64 74 112 85 31 35 51 83 55 118 8 56 81 100 122 110 113 
27 61 111 104 116 82 127 2 29 15 38 113 58 70 40 124 89 44 107 7 125 84 129 4 0 49 17 10 65 120 75 1 45 79 77 20 108 32 117 19 60 34 92 53 128 21 36 16 33 22 126 46 3 39 123 30 103 43 12 106 95 26 66 41 121 42 99 63 18 25 13 54 9 69 68 96 50 105 59 115 87 14 23 62 78 52 94 6 37 119 28 85 109 57 67 88 48 97 93 91 5 47 101 86 11 24 80 71 76 112 102 31 72 35 83 90 98 64 73 118 74 55 51 56 8 81 100 110 122 114 
23 94 78 14 99 28 18 26 30 37 86 11 80 16 88 33 93 53 76 102 42 105 109 91 34 103 3 97 64 106 72 1 57 126 117 48 67 112 52 62 55 35 83 31 19 79 73 74 24 98 41 45 49 118 47 119 71 51 129 43 56 92 8 69 0 50 81 59 70 40 38 96 17 36 39 21 46 20 25 100 6 90 128 32 54 7 107 110 122 22 2 121 116 123 127 113 15 44 75 111 125 104 60 82 108 61 13 95 5 9 10 29 87 4 66 63 120 114 12 101 58 68 85 27 77 89 124 84 65 115 
111 38 104 70 61 2 82 127 40 114 129 113 15 49 107 7 0 17 29 27 125 1 44 58 45 79 117 19 20 4 75 89 32 120 124 10 34 53 84 108 92 16 77 33 60 21 36 3 30 65 126 128 46 39 22 103 43 26 106 123 99 41 42 18 12 95 121 66 54 115 105 50 25 69 13 14 59 9 23 96 78 63 94 37 52 62 119 28 68 57 88 109 48 87 6 67 97 93 91 86 11 85 80 47 71 24 5 101 76 102 112 31 72 35 83 90 98 64 73 74 118 55 51 56 8 81 100 110 122 116 
79 19 45 34 1 49 53 3 17 92 129 20 7 107 32 36 70 21 43 2 16 113 38 46 39 41 125 30 40 22 33 116 0 105 82 99 50 26 29 111 59 121 52 54 37 120 115 127 104 119 18 78 58 57 48 61 94 15 23 95 14 103 114 66 126 12 13 42 44 9 28 91 106 77 71 27 11 75 86 89 88 124 80 4 128 109 5 10 108 84 93 60 72 101 62 69 123 67 97 76 90 102 96 98 25 65 64 73 74 24 47 6 112 51 55 31 35 83 63 56 8 87 118 68 81 85 100 122 110 117 
83 35 31 112 76 93 102 24 97 110 88 122 109 47 100 80 28 67 81 14 23 11 55 64 86 62 94 18 56 115 42 78 8 99 26 103 106 69 51 30 74 6 73 33 37 72 96 126 16 91 98 25 53 105 34 123 128 57 48 3 87 1 71 52 0 117 63 49 85 68 119 129 79 19 41 40 90 60 45 70 38 43 75 50 108 59 92 44 15 17 127 36 10 39 21 46 116 20 4 104 54 107 7 111 2 32 22 61 121 113 82 125 5 114 29 13 9 95 101 66 27 120 58 12 77 89 124 84 65 118 
52 59 50 48 57 41 71 105 43 54 3 121 90 91 39 46 37 5 92 36 21 22 101 34 13 9 19 72 98 95 117 53 78 66 45 32 79 20 94 11 86 12 73 115 74 1 17 23 99 16 30 80 51 7 49 107 14 64 26 28 18 33 125 129 55 113 102 120 2 8 56 70 76 38 88 29 82 93 40 0 116 42 58 77 103 81 109 126 111 106 127 104 97 61 15 114 89 112 67 35 62 83 100 118 124 31 44 84 24 122 69 110 47 27 75 128 96 65 4 108 25 60 123 10 6 63 87 68 85 119 
77 125 58 29 113 32 7 107 20 82 2 17 89 124 12 84 22 21 36 95 66 46 45 39 92 19 79 116 65 13 114 117 9 121 49 111 129 43 70 38 1 27 54 61 104 34 3 41 40 127 50 59 53 0 15 119 44 52 101 5 105 16 30 33 4 57 48 75 10 99 26 37 108 71 115 78 126 18 103 60 94 91 23 14 128 42 106 90 28 123 86 11 88 72 80 69 109 25 98 96 62 93 67 73 63 97 102 74 76 64 6 68 87 51 47 24 55 112 31 8 35 56 85 83 118 81 100 122 110 120 
54 22 39 46 13 9 95 21 36 66 43 50 59 41 12 92 5 32 119 101 20 52 3 19 48 45 57 105 17 117 79 34 120 7 107 125 71 113 53 77 1 2 49 90 29 37 58 91 129 82 70 16 116 78 38 30 115 99 89 94 72 40 124 33 98 111 23 26 0 11 86 84 114 104 14 18 73 127 61 28 74 80 65 15 27 51 64 103 42 44 126 102 88 55 106 76 93 8 56 109 75 4 10 108 128 97 62 81 60 67 69 123 112 96 35 83 24 31 25 47 118 6 100 122 110 63 87 68 85 121 
110 100 81 118 56 55 102 76 8 64 83 35 80 31 112 51 93 11 86 74 73 28 88 72 97 109 98 24 94 23 14 78 47 115 67 91 37 18 99 26 62 42 30 103 105 71 33 106 16 57 48 69 90 126 6 53 52 96 119 3 34 25 41 1 50 59 117 43 19 79 128 123 45 49 92 0 129 87 54 40 36 70 39 46 21 38 63 85 68 17 121 60 5 22 20 75 32 44 108 7 15 107 127 101 116 2 113 111 13 104 10 9 125 95 4 61 66 82 12 29 114 120 58 27 77 89 124 84 65 122 
128 25 63 60 87 68 96 108 69 75 6 126 85 106 10 44 103 4 62 0 42 15 67 40 33 127 47 38 70 16 97 26 104 109 30 24 18 129 61 111 49 1 88 116 99 14 53 93 114 112 23 28 31 115 27 79 117 2 34 35 83 45 82 94 17 78 19 113 107 7 3 76 118 29 125 80 37 20 92 11 86 102 58 32 105 36 124 89 21 43 41 120 39 46 84 91 22 52 57 64 48 50 77 65 119 59 55 72 121 54 110 122 81 56 100 73 71 74 98 95 8 51 12 66 13 9 90 5 101 123 
89 84 65 58 29 77 82 120 114 27 125 113 2 107 7 116 111 61 104 17 20 32 127 38 70 129 49 15 45 40 79 12 19 21 22 36 117 92 1 95 44 0 66 46 39 4 13 10 34 9 121 75 43 3 53 54 108 41 60 16 50 59 33 30 128 126 105 119 52 26 103 101 99 123 5 106 18 57 48 42 37 115 78 23 14 94 63 25 69 96 71 68 28 91 62 87 88 109 6 86 11 67 90 85 80 97 93 72 47 24 76 98 102 73 112 64 74 31 35 83 51 55 118 8 56 81 100 110 122 124 
113 7 107 29 2 120 17 58 20 82 32 45 77 116 79 19 21 49 89 92 36 117 124 129 22 70 111 38 114 46 39 1 84 104 61 12 40 95 34 27 66 43 127 3 121 65 0 53 13 41 9 15 54 50 59 44 16 30 33 105 119 52 4 75 10 26 99 57 48 5 101 37 108 126 18 103 115 60 78 23 94 106 128 42 14 71 91 28 123 86 11 88 69 90 25 109 80 96 62 72 93 67 63 97 98 6 102 76 68 73 87 74 64 47 24 51 112 55 31 85 35 83 8 56 118 81 100 122 110 125 
106 103 42 69 33 96 128 62 25 26 16 30 18 123 0 67 6 109 99 97 60 75 88 40 14 108 44 47 1 24 53 129 70 23 38 15 115 28 49 63 87 93 127 10 68 94 4 34 78 112 117 104 31 79 111 116 85 45 35 61 83 19 3 76 80 17 37 2 86 11 102 118 107 7 114 82 113 105 92 20 27 125 32 41 43 91 29 36 21 57 64 52 39 46 48 58 50 72 119 22 55 59 120 73 74 71 56 54 81 98 121 51 8 89 110 124 122 100 84 77 95 66 12 13 9 90 65 5 101 126 
104 15 61 111 40 38 44 116 70 0 114 4 129 75 10 27 49 82 2 108 113 1 60 107 7 17 29 79 128 45 125 117 58 126 19 33 123 16 53 89 124 20 34 103 30 106 32 120 84 26 92 42 25 3 63 69 99 18 77 96 65 21 36 68 46 87 39 22 62 43 6 115 14 41 23 67 85 109 78 94 28 88 105 121 37 95 97 12 50 66 54 59 47 52 93 13 24 9 119 57 48 11 86 80 91 112 31 76 35 83 102 71 5 72 118 101 64 98 73 90 74 55 51 56 8 81 100 110 122 127 
123 60 108 25 75 63 126 96 69 68 87 106 10 44 103 6 0 4 15 85 42 62 40 127 33 38 70 67 104 16 129 30 26 61 111 18 109 49 97 47 1 116 24 99 88 53 14 114 27 79 117 23 2 115 28 93 34 45 82 112 17 31 19 94 113 107 7 78 35 83 3 29 125 76 20 92 37 80 118 58 32 11 86 102 105 36 21 89 124 43 120 41 46 39 84 22 91 52 57 50 48 77 64 65 119 59 121 72 54 55 95 71 73 74 81 12 110 56 66 98 122 100 8 13 51 9 90 5 101 128 
49 70 38 1 40 0 79 116 45 117 2 17 111 127 107 7 19 104 113 53 34 15 82 61 16 33 125 44 20 30 114 3 29 32 92 75 126 26 58 103 36 21 27 99 4 120 10 18 106 43 46 108 39 42 128 60 22 41 115 105 14 89 23 124 78 123 94 77 37 50 121 84 28 69 59 54 52 25 95 96 62 88 119 12 109 57 66 48 13 67 9 65 93 97 91 86 11 63 6 80 68 87 47 71 24 76 102 112 72 5 31 85 35 101 83 64 98 90 73 74 118 55 51 56 8 81 100 110 122 129 