1
150
6528
1 37.4393516691 541.2090699418
2 612.1759508571 494.3166877396
3 38.1312338227 353.1484581781
4 53.4418081065 131.4849013650
5 143.0606355347 631.7200953923
6 689.9451267256 468.5354998742
7 112.7478815786 529.4177578260
8 141.4875865042 504.8184855710
9 661.0513901702 445.9375182115
10 98.7899036592 384.5926031158
11 697.3881696597 180.3962284275
12 536.4894189738 287.2279085051
13 192.4067320507 20.4394059310
14 282.7865258765 229.8001556189
15 240.8251726391 281.5141437200
16 246.9281323057 322.4613321160
17 649.7313216456 62.3331575282
18 352.9658562600 666.7873101942
19 633.3923676580 534.9398453712
20 488.3117994040 437.4869439948
21 141.4039286509 228.4325551488
22 17.3632612602 240.2407068508
23 397.5586451389 231.3591208928
24 565.7853781464 282.3858748974
25 475.8975387047 468.5392706317
26 322.4224566559 550.3165478233
27 397.5586634023 74.7588387765
28 672.8618339396 432.8826409630
29 571.2189680147 530.2616991530
30 104.6531165914 482.8224768783
31 356.7098388794 67.6477131712
32 400.4070255527 253.6794479997
33 282.3036243109 426.8380500923
34 58.7766988363 507.1712386832
35 189.7506224400 460.3815233617
36 659.9124120147 226.6284156239
37 639.0307636033 467.2302300719
38 415.0258357432 233.3045376118
39 547.2662016307 161.6589278401
40 616.6547902644 339.3409309407
41 494.8592427417 148.1217856389
42 629.9980812186 433.4548164038
43 471.1014312410 314.2219307579
44 138.2440514421 137.1679919735
45 91.5847556724 110.0203007516
46 390.6972811808 423.9774318385
47 565.1617825137 429.1598152874
48 54.5248980387 438.5515408431
49 334.3508329710 153.7969238040
50 531.0291024509 612.3874827889
51 475.7345905802 385.7844618897
52 228.8325218994 410.4461939615
53 578.3805347586 321.3303494537
54 358.9170574485 404.4670352898
55 486.4648554867 593.0429937016
56 343.1693707670 509.3123571315
57 530.3626972076 137.6881275684
58 498.8065475299 576.2102674608
59 224.3182715500 312.4677490415
60 595.8360732590 81.8130051356
61 661.5588724308 217.0456944477
62 43.6892045516 305.4722789165
63 79.4653452530 445.9641737689
64 210.4163247004 130.7151137038
65 432.2642292251 629.4092661116
66 623.2487161301 69.1892850840
67 436.5194739944 282.9356456070
68 59.4163265482 40.1280234442
69 630.9230074073 230.3429888130
70 579.3265539688 601.0359410602
71 117.8624507480 112.9796833705
72 297.7912565664 166.3131886803
73 22.7642703744 455.5340094037
74 259.7095810385 10.6199925885
75 342.3579873647 599.3880182608
76 10.0260950143 488.9310558282
77 315.2926064118 273.2275475579
78 220.7044919297 270.0819745721
79 192.1186059948 314.1839922798
80 271.5042718992 225.2921989972
81 530.7320005441 504.0670155337
82 42.5331441666 656.3645162886
83 396.1274792588 539.4648066027
84 118.6631474021 508.7129103929
85 395.6913876595 699.5376048429
86 559.0157105844 560.8866941411
87 22.6471035906 526.2470392816
88 135.6377085256 325.8409901555
89 141.4507014379 485.2477927763
90 396.7741299332 460.7557115283
91 87.7494562765 19.6170129082
92 350.4245639661 420.6531186835
93 216.7010817133 466.4816410995
94 130.9237737024 351.1491733079
95 72.6329856671 645.7852219213
96 144.6002949996 457.4224283926
97 212.3725077442 594.9216893413
98 49.9186786455 541.4350825349
99 656.6943525585 558.1109593509
100 176.5941623792 648.5239953299
101 500.3825200226 198.7428378322
102 634.3178678420 612.8291643194
103 59.7537372726 551.6321886765
104 15.2145765106 143.0441928532
105 283.0054378872 376.4439530184
106 146.5389000907 39.4231794338
107 101.8685605377 635.0986850180
108 588.1968537448 580.5946976921
109 457.2628632528 350.0164047376
110 537.4663680494 472.5842276692
111 269.3669098585 367.4763636538
112 239.9045383695 102.6297653390
113 88.4677500396 384.0507209275
114 658.9133693395 583.9575181023
115 97.7359146347 157.4558657632
116 506.6191384007 233.0022156094
117 500.2566898239 64.9136393489
118 594.4048565021 275.8741868990
119 66.2308146610 24.1317387604
120 598.4162993909 414.5557574275
121 172.3088330830 344.3963466366
122 299.4812851800 251.8295121320
123 303.8379894831 21.0526063790
124 197.8969269840 512.3888960980
125 56.0199567669 243.0663818382
126 255.5566183121 448.8651882442
127 608.4256112402 222.5421309272
128 70.2722703273 77.9227026433
129 398.2298999899 119.5576573860
130 635.4970237093 133.3225902609
131 378.3484559418 272.2907677147
132 484.8029663388 677.0730379436
133 278.8710882619 299.9308770828
134 381.6537300653 360.3337602785
135 557.6070707573 595.3185092281
136 249.0589749342 76.6595112599
137 562.9048787838 670.0382113114
138 398.5504365580 392.6493259144
139 590.8939720560 370.7414913742
140 558.2008003726 0.4198814512
141 461.4114714423 530.5254969413
142 354.7242881504 685.4045361900
143 193.6611295657 669.7432521028
144 352.3140807211 140.3273323662
145 308.4345709740 115.2054269847
146 299.5881370080 530.5889619020
147 334.2748764383 152.1494569394
148 690.9658585947 134.5793307203
149 48.0798124069 270.9680673720
150 91.6467647724 166.3541158474
EOF

97 86 102 33 75 6 72 83 29 47 62 7 94 106 81 88 95 4 123 112 9 34 99 96 2 92 142 93 51 61 87 125 120 145 32 148 78 25 110 58 104 124 21 15 55 74 77 14 20 91 17 132 53 141 82 89 45 149 76 114 133 121 137 84 79 13 103 64 3 43 140 130 44 70 24 63 54 71 108 19 31 57 127 50 131 22 66 111 37 48 42 146 80 49 67 109 144 135 143 105 118 85 134 90 28 46 136 12 69 107 128 11 115 30 73 119 100 1 138 52 122 23 26 18 101 41 40 36 39 117 98 113 8 38 56 27 126 5 116 68 35 60 59 129 139 10 65 147 16 0 
36 18 28 41 8 98 109 46 119 5 80 85 27 107 113 69 134 101 138 19 24 57 49 39 140 54 50 52 136 108 23 89 117 11 82 131 64 42 45 137 68 133 53 55 35 91 126 66 60 115 74 25 84 17 145 100 31 141 130 10 37 32 22 38 104 125 129 40 56 110 147 76 132 51 92 121 15 96 59 123 13 34 65 14 58 128 16 79 48 143 146 116 77 71 142 78 99 120 95 7 26 88 144 4 83 30 139 6 93 87 29 9 106 62 112 111 20 63 135 33 102 47 94 97 122 0 86 2 72 81 43 73 61 75 148 124 114 149 70 12 21 44 105 3 127 103 90 67 118 1 
61 112 9 148 47 93 87 62 72 124 21 120 75 29 95 33 78 20 88 86 83 7 34 0 97 6 58 149 51 102 77 114 15 92 103 14 3 123 110 43 125 104 132 44 70 32 79 13 127 121 63 76 106 94 4 96 81 67 145 71 91 111 53 99 118 105 90 55 133 25 135 130 142 48 146 45 144 137 12 89 31 143 22 74 37 82 66 73 108 122 30 128 42 50 17 24 26 19 140 141 64 115 100 84 40 11 54 57 109 80 23 46 56 52 38 116 131 138 49 85 28 117 119 134 39 126 1 69 107 41 68 36 136 59 18 139 8 35 129 60 27 65 101 98 5 113 16 10 147 2 
103 44 114 149 127 70 43 67 118 124 21 90 20 105 148 63 61 12 111 135 87 77 2 78 93 79 73 14 120 71 58 13 112 144 9 15 121 122 132 48 146 76 143 47 30 62 110 72 51 104 95 128 26 130 29 34 22 75 88 31 92 32 33 37 125 83 7 86 133 6 123 0 53 97 66 91 102 137 40 45 100 116 42 108 115 145 55 89 56 96 50 38 25 106 4 11 94 139 81 19 99 82 23 24 59 74 142 52 117 126 140 65 129 68 138 46 109 16 39 80 17 35 60 119 64 57 141 54 147 10 41 28 84 85 1 36 49 8 134 27 131 107 69 18 5 98 136 101 113 3 
99 106 142 94 96 81 6 102 83 7 97 123 0 88 33 29 86 95 34 92 145 75 62 25 74 47 17 72 125 141 55 51 32 9 112 84 82 93 64 120 104 110 91 2 87 89 53 78 45 15 58 140 61 131 54 137 132 57 133 14 77 24 148 49 19 76 124 20 80 21 121 50 134 85 108 136 109 13 79 130 69 28 107 66 31 42 46 149 22 114 37 1 71 101 43 18 119 103 63 3 48 146 113 138 70 98 11 36 44 41 143 52 111 115 144 23 8 39 127 100 135 27 5 128 117 105 67 40 30 26 118 12 90 38 126 56 122 68 73 35 60 116 129 59 10 65 147 139 16 4 
8 27 36 41 1 18 98 119 113 46 28 138 39 107 109 101 85 80 69 134 52 19 24 49 117 57 23 50 140 11 136 54 35 68 60 126 108 42 10 89 131 115 137 82 45 64 66 133 100 147 53 38 129 91 55 31 37 56 130 74 84 40 22 25 17 145 59 141 65 16 32 104 76 110 125 132 116 121 128 51 15 143 13 92 48 146 79 139 14 26 58 96 123 71 34 77 144 30 78 120 142 99 95 88 7 4 93 87 83 6 111 29 63 135 122 9 20 112 62 106 73 33 47 102 94 43 97 0 2 61 72 114 12 86 149 148 124 70 81 75 105 44 21 3 127 103 90 67 118 5 
83 7 29 88 102 33 97 0 95 123 62 86 34 106 4 47 75 72 96 92 94 99 9 81 112 142 125 51 93 145 2 120 32 87 25 110 78 104 55 61 74 58 15 91 148 53 17 14 77 132 82 141 89 124 45 20 21 137 133 76 84 64 121 79 13 140 149 24 130 114 54 19 108 57 50 43 31 103 131 3 66 71 63 22 70 42 80 44 37 49 109 48 146 111 85 134 127 143 28 144 46 69 136 135 107 11 105 67 115 119 128 1 138 118 52 90 100 12 23 18 30 41 101 36 26 39 73 40 122 117 98 113 8 27 38 56 5 126 68 116 35 60 129 59 10 65 139 147 16 6 
88 83 6 29 95 123 34 33 92 62 102 97 47 0 96 86 4 125 9 51 72 75 112 106 99 93 94 145 32 120 142 87 81 2 25 110 104 78 55 58 15 61 74 91 53 14 132 77 148 82 89 45 17 124 20 141 133 137 76 21 121 79 13 64 84 140 130 24 149 114 108 19 50 54 31 57 43 66 71 22 63 42 103 3 131 37 80 70 109 44 48 146 49 111 85 143 144 134 28 46 127 135 69 11 107 136 115 128 105 119 138 1 67 100 52 23 12 30 118 90 18 41 36 26 40 39 101 117 73 122 98 8 113 38 56 27 126 5 68 116 35 60 129 59 10 65 139 147 16 7 
27 36 41 5 1 119 18 46 138 98 39 28 109 113 80 52 107 85 101 19 69 134 117 24 23 50 11 57 49 140 68 35 108 54 60 126 42 136 115 89 10 137 45 66 82 131 133 64 100 53 38 91 147 129 31 55 37 130 56 22 40 25 74 84 59 145 17 32 65 16 104 76 141 110 125 132 121 116 128 15 51 143 13 48 146 92 79 14 26 58 139 71 123 34 96 77 144 30 78 120 95 142 88 7 99 87 93 111 83 4 63 135 6 122 29 20 9 112 62 106 73 33 43 47 102 97 94 2 0 12 61 114 149 70 148 72 124 86 75 81 105 44 21 3 127 103 90 67 118 8 
112 93 62 2 87 47 120 95 61 29 72 88 78 34 148 83 7 33 51 75 92 6 58 124 15 86 20 123 97 21 77 0 125 110 102 14 104 32 132 149 114 79 96 13 121 76 145 4 43 106 91 103 3 53 94 70 55 44 99 63 25 81 133 45 71 137 130 142 89 127 111 74 31 48 146 82 22 144 135 67 105 37 143 66 108 118 90 12 50 42 17 24 140 19 141 128 73 30 64 122 26 84 115 54 100 57 109 11 80 40 46 23 52 131 49 138 85 28 56 38 119 134 117 116 39 1 69 107 41 126 136 36 68 18 8 27 59 101 35 98 60 129 113 5 139 65 10 16 147 9 
147 60 35 129 68 126 16 65 117 59 38 23 56 39 52 11 100 115 40 138 116 139 27 119 41 42 8 66 46 37 5 36 108 50 22 128 31 26 1 19 130 109 143 30 18 24 133 48 80 146 137 28 98 45 76 144 71 121 85 113 53 89 107 13 91 140 122 79 132 69 101 134 57 104 135 49 54 111 110 14 73 82 15 32 55 77 63 58 136 125 64 51 78 25 12 145 131 74 120 20 92 43 105 34 87 70 93 17 84 114 123 149 44 141 95 90 9 88 127 96 112 7 124 3 118 67 148 29 83 61 62 6 2 21 103 47 99 142 4 33 72 102 97 106 0 75 86 94 81 10 
23 52 117 115 42 39 100 126 66 138 108 68 50 38 37 35 31 119 60 40 46 22 56 19 130 133 41 137 129 109 24 10 27 45 8 36 53 59 80 128 147 1 76 89 116 91 65 143 5 121 48 146 28 16 26 140 132 13 18 71 104 79 85 110 30 144 139 82 32 57 15 55 14 98 107 134 54 58 77 69 113 125 49 51 25 101 145 78 111 122 135 64 63 92 74 120 136 34 73 131 20 87 123 93 17 43 95 12 84 141 88 96 9 7 70 112 114 149 105 83 29 44 124 62 6 148 61 2 47 3 99 127 142 21 90 4 33 67 118 72 103 102 97 106 0 75 86 94 81 11 
105 73 135 111 90 122 63 70 118 43 67 44 127 144 114 30 149 3 71 146 48 143 26 20 103 79 13 128 77 121 124 14 21 76 148 132 22 58 78 15 37 87 116 31 130 61 120 40 93 110 100 56 66 139 2 104 9 112 115 38 133 51 42 59 32 53 108 137 91 125 65 11 34 47 62 95 92 45 23 129 16 50 126 72 88 29 117 89 68 7 52 123 83 75 33 60 19 35 147 55 6 145 10 24 39 138 86 97 0 25 102 46 82 119 109 96 140 80 74 41 4 106 99 36 1 8 27 28 57 94 54 142 81 85 64 17 5 18 134 49 141 107 69 84 98 131 113 101 136 12 
79 121 76 71 14 132 77 48 146 15 58 130 143 22 144 31 63 78 37 111 110 20 104 135 120 128 66 133 43 87 30 51 53 26 93 32 114 137 149 70 91 42 122 108 73 100 125 45 115 44 40 124 12 105 148 9 92 50 112 34 3 61 89 11 127 56 21 95 38 116 2 103 55 90 23 19 88 67 123 62 118 145 24 7 29 47 52 117 25 83 126 82 138 72 6 46 59 68 140 39 109 33 139 119 129 80 96 74 65 75 35 60 97 102 86 0 16 41 57 28 54 10 147 1 4 64 36 85 99 8 27 17 106 142 49 134 141 18 107 94 5 69 84 81 131 98 113 101 136 13 
77 58 15 132 78 79 121 13 76 110 120 104 20 87 51 71 93 130 32 63 48 146 133 31 22 125 53 9 43 91 111 143 144 37 112 34 92 149 114 124 137 148 66 61 95 135 45 70 2 128 21 44 88 108 62 42 123 89 3 29 30 7 47 55 145 50 83 26 105 103 12 127 122 115 73 100 6 72 25 40 33 19 11 24 82 67 90 75 118 96 97 56 23 102 86 38 0 140 74 116 52 109 117 46 138 4 80 126 99 39 106 119 142 57 68 54 64 17 94 59 28 41 141 129 35 85 81 139 60 1 65 36 49 84 134 8 27 107 16 69 131 18 10 147 5 98 136 101 113 14 
58 132 14 110 78 77 104 120 76 121 51 13 79 32 87 93 125 53 133 20 130 91 92 34 9 71 137 31 95 112 22 45 37 48 146 66 88 63 123 61 89 148 124 62 55 143 2 7 108 29 43 145 144 111 149 114 42 47 83 50 25 21 70 135 6 128 72 44 82 33 19 3 24 96 115 30 100 26 75 11 74 103 97 102 140 105 127 0 40 86 12 122 73 23 4 109 52 99 46 80 56 67 38 90 106 138 118 117 142 57 64 17 54 116 119 94 39 126 141 28 81 85 68 41 1 84 49 134 36 35 59 131 60 107 8 129 69 27 18 139 65 5 136 10 98 16 147 101 113 15 
65 59 129 147 139 10 56 38 116 60 35 126 68 40 100 117 115 23 11 26 128 52 39 37 30 22 66 143 42 31 138 48 146 130 144 108 122 119 50 71 27 41 46 8 73 76 121 133 135 13 36 5 19 79 111 137 109 1 132 24 45 63 53 80 12 14 91 89 18 28 77 15 104 110 58 98 105 140 85 43 32 78 107 113 70 20 57 82 134 55 69 51 101 125 54 120 44 114 49 90 149 87 127 118 145 25 67 92 93 3 64 34 136 74 124 131 148 9 123 103 95 112 61 21 88 17 7 2 84 62 29 96 141 83 47 6 33 72 99 142 4 102 97 75 0 86 106 94 81 16 
141 84 74 64 25 131 82 145 54 55 96 142 57 140 99 49 136 89 4 134 123 85 24 69 125 80 92 45 91 32 107 106 28 53 34 7 19 109 6 137 88 94 83 51 101 95 104 50 133 29 18 1 81 110 102 113 46 98 97 108 33 0 36 62 119 86 15 41 120 42 132 47 58 8 9 138 75 93 112 78 5 72 66 76 130 27 14 87 52 31 77 121 39 11 22 37 23 13 2 79 117 115 61 20 100 148 71 126 48 146 68 124 143 35 40 38 21 60 128 144 63 56 149 114 43 111 26 10 30 135 70 129 3 44 116 103 147 59 122 127 65 105 73 12 16 67 139 90 118 17 
98 1 113 28 107 36 101 85 69 5 8 134 41 80 27 109 119 46 49 57 136 54 138 24 140 19 39 131 50 52 64 82 89 108 23 117 11 45 42 137 84 55 74 53 68 91 133 35 17 25 126 141 60 66 115 145 10 100 31 130 32 37 38 22 104 125 110 129 147 56 40 76 92 51 96 132 123 121 15 34 59 142 13 58 65 14 99 16 79 128 48 143 146 116 77 7 78 88 95 71 120 4 83 26 6 29 144 93 87 139 106 30 9 62 112 94 102 33 20 97 63 111 47 0 135 81 122 86 72 2 75 61 43 148 73 124 114 149 70 12 21 44 105 3 127 103 90 67 118 18 
24 50 109 46 80 108 89 140 45 137 119 138 28 42 133 53 1 82 57 91 41 85 52 36 54 11 39 55 66 134 8 23 18 107 49 27 69 117 130 64 25 5 31 115 32 98 145 104 37 74 22 113 101 110 125 76 100 131 136 126 68 132 51 121 17 15 35 92 84 60 38 141 40 13 58 14 34 123 56 79 77 96 78 48 146 143 120 128 10 71 129 95 88 7 147 93 144 87 59 116 26 142 83 99 29 6 65 9 30 4 112 20 16 62 63 111 135 47 106 33 102 139 97 122 2 43 0 61 94 72 148 86 124 149 75 114 73 70 81 12 21 44 105 3 127 103 90 67 118 19 
149 114 124 77 43 87 78 148 14 58 70 63 120 93 61 21 44 79 3 13 15 103 132 111 121 2 9 112 127 71 76 135 105 110 51 144 67 104 48 146 12 90 118 62 47 95 143 34 130 32 73 125 92 22 72 29 88 31 122 30 37 133 7 128 53 83 91 123 33 75 26 66 6 137 45 86 97 0 102 108 42 145 89 55 100 40 115 25 50 96 116 11 56 82 4 19 106 38 24 74 99 94 23 81 140 142 52 117 109 126 46 138 139 59 80 17 39 68 119 64 57 54 129 141 65 35 60 28 41 85 16 84 1 49 36 134 10 147 8 131 27 107 69 18 5 136 98 101 113 20 
124 148 61 103 149 2 3 114 20 87 44 43 93 112 70 9 127 120 78 47 67 77 62 72 58 63 118 14 90 105 15 75 95 79 29 111 13 132 33 51 88 34 12 110 121 135 86 83 71 7 104 76 0 92 97 6 102 125 144 32 123 48 146 73 143 122 130 53 91 22 30 31 133 37 128 106 96 145 94 4 137 26 45 81 66 55 25 99 89 108 42 142 50 82 74 100 40 115 19 24 116 11 56 140 38 17 23 141 52 64 109 80 117 46 54 57 138 126 139 84 59 39 119 68 28 129 85 65 49 131 41 35 60 134 1 16 36 107 69 8 147 10 18 27 136 5 98 101 113 21 
37 31 130 66 76 48 121 146 143 100 115 42 128 13 71 79 40 133 108 132 144 11 26 137 56 14 38 30 50 15 23 53 77 104 110 58 45 91 116 52 117 111 126 63 135 78 19 32 89 122 68 138 39 51 59 24 120 20 129 46 73 125 35 60 119 43 65 87 109 139 55 93 12 92 80 10 16 70 140 41 82 34 114 147 149 145 105 25 44 9 36 1 95 8 27 124 112 123 28 148 3 57 88 127 61 85 54 74 7 90 5 2 21 18 62 29 67 118 103 83 107 134 64 47 49 96 6 69 98 33 72 17 113 101 131 141 75 102 97 84 136 99 4 0 86 142 106 94 81 22 
117 11 52 126 39 115 68 138 42 100 35 60 38 108 66 119 50 46 56 40 37 41 129 10 31 19 22 27 130 8 109 147 36 133 137 59 24 1 65 5 80 45 116 128 16 53 89 28 76 91 143 18 48 146 26 121 140 85 139 132 13 98 71 104 107 30 79 57 144 82 110 134 113 32 55 69 15 54 14 49 101 58 77 125 51 25 145 122 64 111 78 135 63 74 136 92 120 131 73 34 20 87 123 17 93 84 43 141 12 95 88 96 9 7 70 114 105 112 149 83 29 44 124 62 6 148 61 2 3 99 47 127 142 90 4 21 33 67 118 103 72 102 97 106 0 75 86 94 81 23 
19 109 140 80 89 50 45 46 82 137 57 28 108 85 54 53 91 119 1 55 133 134 138 42 49 41 107 36 64 69 18 25 52 8 74 145 66 11 39 32 27 98 23 131 5 101 104 113 130 136 125 117 31 110 17 115 37 84 141 22 76 51 92 132 100 15 121 126 123 68 34 96 58 14 35 13 60 38 79 40 77 78 120 95 56 88 7 48 142 146 99 71 143 128 83 10 93 6 87 4 129 29 9 144 62 112 147 26 116 59 106 20 30 33 47 102 65 63 97 111 94 16 0 2 72 135 86 61 75 148 81 43 139 124 122 149 114 70 73 21 44 12 3 105 127 103 90 67 118 24 
145 55 74 82 89 96 17 125 32 123 91 64 92 141 140 45 53 34 84 51 54 24 137 99 142 57 104 7 110 88 4 133 19 95 131 83 6 80 49 50 29 109 106 85 134 15 108 28 132 120 58 69 102 62 33 94 107 136 78 46 97 93 76 9 42 14 130 0 112 47 66 87 1 77 81 121 86 31 119 18 72 75 101 13 138 36 22 41 79 37 98 113 11 52 2 8 23 39 115 20 27 61 5 71 117 148 100 48 146 124 143 63 21 126 144 128 40 68 149 38 43 114 111 56 35 60 135 26 70 30 44 3 103 116 129 10 122 127 105 59 73 12 147 65 67 90 118 16 139 25 
30 128 143 144 146 48 116 122 40 71 56 135 73 22 37 111 100 38 139 31 115 13 63 79 59 130 121 12 66 76 65 129 42 16 105 11 132 126 14 77 23 43 68 117 70 108 133 15 58 20 147 60 35 52 44 114 78 90 10 137 149 110 50 104 127 53 118 67 39 3 45 91 120 138 87 32 19 51 124 93 89 103 46 119 125 24 148 21 61 109 41 9 92 112 34 55 80 27 2 8 95 140 36 82 145 1 25 123 88 28 62 5 47 7 29 57 85 83 18 54 74 72 6 107 134 98 33 96 49 64 69 75 113 97 102 86 101 0 17 131 4 141 99 136 84 142 106 94 81 26 
8 5 41 36 119 1 138 46 18 39 98 28 109 52 113 80 107 85 117 101 19 23 69 134 11 24 50 35 68 60 126 57 49 108 140 42 54 10 115 136 89 137 66 45 100 82 38 147 133 129 131 64 53 91 31 37 56 130 40 55 22 59 65 25 74 16 84 145 32 76 104 17 116 141 110 121 132 128 125 143 48 13 15 146 51 139 26 79 92 14 71 58 77 123 30 144 34 96 78 120 95 88 142 7 99 111 87 93 63 122 135 83 4 6 20 29 9 112 73 62 106 43 47 33 102 97 12 94 114 149 2 70 61 0 124 148 72 86 105 44 75 81 21 3 127 90 103 67 118 27 
85 80 107 1 18 134 109 69 57 98 49 36 46 113 101 54 140 41 24 119 8 19 5 136 27 138 131 64 50 82 89 39 45 52 108 137 55 42 74 84 11 53 91 23 25 117 133 17 141 145 66 115 68 32 126 35 130 31 60 125 104 37 100 110 22 92 51 76 96 38 10 132 123 15 34 121 40 56 129 142 58 99 147 14 13 79 7 88 95 78 77 4 120 48 128 146 143 59 83 71 6 65 29 116 16 93 87 106 26 144 9 62 112 30 94 102 33 97 20 47 139 0 63 111 81 86 72 135 2 75 61 122 148 43 124 149 114 73 70 21 12 44 105 3 127 103 90 67 118 28 
83 88 7 62 6 95 33 47 97 102 72 34 0 86 75 9 123 112 92 93 51 2 106 4 120 96 125 87 94 99 81 32 61 78 110 145 142 58 104 15 148 25 55 77 14 124 132 91 20 21 74 53 45 89 76 82 121 133 79 137 13 17 149 141 114 130 43 103 3 64 140 84 63 70 71 24 44 31 108 50 19 22 66 54 37 48 42 146 111 57 127 144 143 80 131 135 109 67 105 49 118 85 46 90 128 134 28 12 115 11 30 100 69 107 136 73 119 138 52 26 23 122 1 40 41 18 39 117 36 101 38 56 98 8 113 126 27 116 68 5 35 60 59 129 139 65 10 147 16 29 
26 128 144 122 143 146 48 135 73 71 111 116 63 40 22 12 37 13 79 56 31 121 100 130 76 38 105 139 115 43 66 59 14 70 77 132 65 44 20 42 90 114 15 58 149 11 129 127 16 118 133 78 126 67 23 108 3 110 117 104 68 137 120 52 53 60 50 87 147 35 124 103 91 45 10 93 51 32 148 39 21 138 19 61 125 89 9 112 46 24 92 119 34 2 55 109 95 41 145 62 80 88 123 82 140 47 27 25 8 29 7 36 1 83 28 72 5 6 57 33 74 85 54 18 75 96 107 97 134 64 86 102 0 49 98 69 113 17 4 99 101 141 106 131 142 84 136 94 81 30 
22 37 130 66 76 42 121 115 133 108 100 13 48 146 143 132 79 128 71 137 11 40 50 53 14 144 15 23 104 45 38 56 91 110 26 77 58 52 30 117 19 89 32 126 116 78 111 138 63 24 51 68 39 135 46 125 120 122 119 109 20 59 35 55 60 129 87 73 92 80 140 82 43 93 65 41 34 145 139 10 25 12 16 147 70 114 36 1 149 8 28 27 95 9 123 105 57 112 44 124 85 88 54 74 148 61 5 7 18 3 29 62 127 2 134 64 107 83 49 21 96 69 90 47 6 98 103 67 118 17 113 33 72 101 131 141 84 136 97 102 99 75 4 0 142 86 106 94 81 31 
125 104 51 110 91 92 53 34 55 145 45 15 89 123 133 137 132 58 25 120 95 78 14 88 76 82 7 77 93 121 87 96 130 74 83 29 9 108 13 6 24 50 112 79 62 19 140 31 66 42 22 47 37 33 20 99 4 17 64 2 102 97 109 142 80 71 72 54 57 61 141 0 106 48 86 75 146 148 46 11 124 84 143 115 94 63 28 85 49 144 52 138 100 119 23 131 134 149 21 43 111 114 128 81 1 107 69 39 117 41 40 135 70 36 18 30 26 44 136 3 38 8 56 126 103 27 98 101 68 122 113 127 5 105 12 73 116 35 60 67 90 118 129 59 10 65 147 139 16 32 
97 0 86 102 29 75 6 83 72 62 47 7 88 95 112 9 106 34 94 123 4 81 2 92 93 96 99 51 87 120 61 125 142 78 148 32 145 110 58 104 15 124 25 21 55 77 14 20 74 132 91 53 17 82 89 45 149 141 76 121 114 79 133 13 137 103 3 43 84 64 130 44 70 140 63 71 24 31 108 127 50 19 54 22 66 111 57 48 37 146 42 131 144 67 143 135 80 105 109 118 49 90 85 12 134 46 28 128 115 11 69 136 30 107 73 100 122 119 26 138 52 1 23 40 18 41 36 39 117 101 38 56 98 8 113 27 126 116 5 68 35 60 59 129 139 65 10 147 16 33 
92 95 123 88 51 7 125 83 29 32 6 62 120 9 110 93 104 112 145 96 47 33 87 78 15 58 102 25 55 97 91 72 0 4 53 86 75 132 2 14 99 77 106 45 74 89 142 61 133 94 137 82 76 121 20 148 81 13 79 124 17 130 141 21 140 24 108 31 50 64 19 66 22 149 71 84 42 114 37 54 43 57 63 48 146 80 109 70 3 143 111 103 44 144 131 49 46 85 11 28 135 115 134 128 127 100 119 138 52 69 23 107 105 1 30 136 40 26 12 67 41 39 117 36 18 90 118 122 73 38 56 101 8 98 126 27 113 68 5 116 35 60 129 59 10 65 139 147 16 34 
60 68 126 10 117 129 147 23 39 52 38 11 115 56 59 138 65 100 16 40 119 27 42 41 8 46 116 66 108 36 50 5 37 139 31 22 1 19 109 128 130 26 24 80 18 133 137 28 143 98 45 48 146 30 76 85 53 89 113 107 121 140 91 71 144 13 69 134 57 101 79 132 54 104 49 82 122 110 14 15 55 32 135 111 77 58 136 73 63 125 64 25 51 145 78 131 74 120 92 12 20 34 43 87 17 84 93 123 105 141 70 95 114 149 88 44 96 9 7 112 124 90 127 83 29 148 3 61 62 6 118 67 2 47 99 21 142 103 4 33 72 102 97 106 0 75 86 94 81 35 
8 41 1 27 5 119 18 46 28 98 109 138 80 113 85 107 39 101 69 134 19 52 24 57 49 50 140 117 54 23 11 108 136 42 68 35 89 126 60 45 137 82 131 64 115 66 133 53 91 10 55 100 38 31 37 74 130 25 129 84 147 22 145 56 17 40 141 32 104 76 110 125 59 132 65 121 16 51 15 92 128 116 13 143 48 146 14 79 58 123 96 34 71 26 77 78 139 120 144 30 142 95 99 88 7 93 83 4 87 6 29 111 63 9 20 135 112 122 62 106 33 47 102 73 94 97 43 0 2 72 61 86 148 114 124 149 81 75 70 12 105 44 21 3 127 103 90 67 118 36 
22 31 66 130 100 115 42 76 143 48 146 128 40 121 108 133 13 11 71 79 38 56 132 23 144 26 137 50 30 53 14 117 52 116 15 45 126 104 77 91 110 58 68 19 111 138 39 89 135 63 32 59 78 122 129 24 35 46 60 51 119 65 120 125 109 73 139 20 55 10 16 43 147 41 80 87 140 92 82 12 93 145 34 70 36 8 27 114 1 25 149 105 28 44 9 95 57 123 85 124 112 5 54 148 18 88 74 3 61 127 7 107 134 90 2 49 64 62 21 29 69 67 83 98 118 103 47 96 6 113 17 101 33 131 72 141 136 84 102 97 75 99 4 0 142 86 106 94 81 37 
56 40 100 115 126 59 129 68 116 65 23 117 11 60 35 16 147 37 10 128 139 52 66 22 42 26 31 39 143 130 108 30 48 146 138 50 144 71 76 119 133 121 46 13 137 122 19 79 41 27 132 45 8 53 135 109 111 24 36 73 91 14 89 5 63 1 15 104 80 77 110 58 28 32 140 12 18 78 85 55 51 82 125 43 20 98 57 120 105 107 70 134 54 113 69 87 145 25 92 114 49 149 93 44 101 34 90 64 74 127 3 123 124 95 118 9 67 136 112 148 88 131 61 7 103 21 17 2 29 62 96 83 141 84 47 6 33 72 99 142 4 102 97 75 0 86 106 94 81 38 
138 52 117 23 119 41 11 46 27 68 8 126 35 36 60 42 50 5 115 1 109 108 19 10 100 80 66 24 38 18 28 129 147 56 98 137 40 37 85 31 133 45 107 22 140 113 130 89 59 134 69 57 53 65 101 91 16 54 49 82 116 76 128 55 121 143 136 104 48 146 132 26 64 139 32 110 13 25 71 131 79 15 145 30 125 74 14 144 58 51 77 17 92 84 78 141 34 120 111 122 135 123 63 96 87 73 93 95 20 88 7 43 9 83 112 12 29 142 99 6 62 70 114 149 4 105 124 47 44 148 61 2 33 106 102 3 97 72 127 21 0 90 86 94 75 67 103 118 81 39 
56 100 38 116 115 128 37 59 26 22 126 129 31 143 11 66 65 23 68 30 48 139 146 117 42 130 16 60 35 144 52 147 71 10 108 76 121 13 39 122 79 50 133 138 135 111 137 132 73 63 119 14 19 46 53 45 77 15 91 104 110 41 58 24 109 12 89 27 8 78 36 32 43 80 20 105 1 51 5 120 70 125 140 28 55 114 87 82 149 44 18 93 85 92 90 57 145 127 34 25 98 3 107 54 118 67 124 134 9 69 148 49 113 95 112 123 74 61 103 64 101 21 88 2 7 62 29 83 136 47 96 131 17 6 141 84 72 33 75 99 102 97 4 142 0 86 106 94 81 40 
8 36 119 27 1 46 5 138 39 109 18 28 80 52 98 19 85 107 113 24 50 117 23 11 69 134 101 108 57 140 42 68 49 35 126 54 60 89 115 137 45 66 136 82 133 10 100 53 64 91 38 131 31 37 55 130 129 147 22 56 40 25 74 145 32 104 59 76 84 17 65 110 16 141 125 132 121 128 116 15 51 13 143 48 146 79 92 14 58 71 26 123 139 34 77 96 144 78 30 120 95 88 7 142 99 87 93 111 63 83 135 4 6 122 29 20 9 112 62 73 106 43 47 33 102 97 94 2 61 114 149 0 12 70 148 124 72 86 75 105 44 81 21 3 127 103 90 67 118 41 
108 66 11 50 115 31 37 23 133 130 137 52 22 100 19 117 138 45 53 39 46 24 76 91 119 89 126 40 38 109 68 121 56 132 104 41 80 13 35 128 110 48 143 146 60 140 79 32 15 36 71 1 8 14 55 27 82 28 129 58 26 116 77 125 144 51 85 10 57 59 5 30 18 145 25 54 78 147 65 107 134 92 120 49 98 69 16 74 111 34 64 63 135 139 113 87 122 123 101 20 93 95 131 136 73 88 17 43 9 7 96 112 141 84 29 83 12 114 70 149 62 6 124 105 148 61 44 2 47 99 142 33 3 4 21 127 72 102 97 90 103 0 106 75 67 86 118 94 81 42 
70 114 44 149 63 3 127 20 105 111 103 67 135 90 12 118 124 77 21 79 148 71 13 144 73 14 78 87 61 58 48 146 121 122 120 93 143 15 132 76 30 2 9 112 128 110 26 22 130 104 31 51 37 47 62 95 32 34 133 66 125 72 92 29 53 88 91 40 137 100 7 116 83 75 42 33 123 115 45 108 56 6 86 38 89 97 0 50 102 55 145 11 139 23 25 19 59 96 24 52 117 82 126 65 4 129 106 68 74 138 140 94 99 16 46 39 109 81 35 60 142 80 119 147 10 57 17 64 41 54 28 141 1 85 36 8 27 49 84 134 107 18 69 131 5 98 136 113 101 43 
70 127 3 114 43 149 67 103 105 90 118 63 20 12 124 111 21 135 148 73 61 77 71 79 144 87 13 14 78 122 58 93 146 48 120 2 121 143 15 132 30 112 9 76 128 26 110 104 22 130 51 47 62 31 37 95 72 34 32 29 125 92 88 133 66 75 7 53 33 83 91 40 116 123 137 100 6 86 42 97 115 45 0 108 56 102 38 89 145 55 50 11 139 25 96 23 59 19 4 106 24 82 117 126 52 65 94 129 99 81 74 68 16 140 138 142 46 39 109 35 60 80 119 147 10 17 57 64 54 41 141 28 1 85 36 8 84 27 49 134 107 18 131 69 5 98 136 113 101 44 
137 53 89 91 133 50 24 55 19 108 32 82 104 140 110 42 125 145 25 66 130 109 80 51 132 76 31 46 15 92 74 57 37 22 54 121 11 58 34 14 138 119 28 64 123 52 85 13 115 23 78 77 1 79 120 49 41 134 39 17 96 95 100 36 107 117 88 69 7 141 18 93 131 8 87 71 48 84 146 27 83 143 29 9 40 6 126 98 136 5 38 112 128 101 68 99 62 113 142 20 56 144 4 35 47 60 33 63 26 102 111 30 106 2 97 61 72 0 116 135 148 124 129 43 86 75 94 10 149 114 59 122 70 21 147 81 65 44 73 16 3 12 139 105 103 127 90 67 118 45 
119 109 138 41 19 1 80 36 8 24 50 28 39 27 52 18 5 85 108 11 140 23 42 107 117 98 57 134 89 137 69 45 113 54 49 66 101 133 82 115 53 68 126 91 35 60 55 100 64 31 136 130 37 22 131 38 25 74 10 32 145 104 40 56 76 110 129 125 132 17 84 121 147 141 15 51 13 59 92 128 14 79 48 143 58 146 65 116 71 16 34 123 77 78 96 26 120 144 30 95 88 139 7 93 87 142 99 83 111 6 29 63 4 9 20 135 112 122 62 106 47 33 43 73 102 97 2 61 94 0 114 148 124 149 72 70 86 12 75 81 44 105 21 3 127 103 90 67 118 46 
62 72 112 29 75 33 9 2 95 86 83 88 97 0 6 7 102 93 61 34 87 120 123 92 148 51 78 124 125 21 106 94 58 4 81 96 15 110 20 32 77 104 99 14 145 132 142 149 114 25 91 55 103 79 53 3 121 13 76 43 74 44 70 45 133 89 63 137 82 127 130 71 17 111 141 31 67 48 146 22 105 135 144 66 108 37 118 140 90 143 24 64 50 84 19 42 12 54 57 128 73 30 80 109 122 131 115 26 11 100 49 46 85 28 40 134 23 52 138 119 69 107 136 1 56 117 38 39 41 116 36 18 126 101 8 68 98 27 113 5 35 60 59 129 139 65 10 16 147 47 
146 143 71 144 128 30 13 79 22 26 121 111 37 135 31 76 63 130 122 132 14 40 73 77 66 100 116 15 115 58 12 43 56 20 42 133 38 78 70 105 110 104 108 114 11 149 44 137 120 53 87 23 91 59 139 50 127 45 51 32 90 3 93 126 117 124 52 67 118 65 129 125 68 148 89 103 19 16 61 21 9 60 35 92 138 112 39 34 24 55 2 147 95 46 10 119 109 145 88 123 62 82 25 140 47 7 29 80 41 83 72 6 36 8 1 27 28 74 33 57 96 54 85 75 5 97 102 18 64 86 0 134 107 49 69 17 4 98 99 141 106 142 113 131 101 84 94 136 81 48 
134 57 54 69 85 107 136 131 28 64 101 140 80 18 113 98 109 1 82 24 84 19 36 17 46 74 141 89 41 119 8 5 55 25 27 50 45 145 138 137 91 53 108 39 133 52 42 32 96 125 11 23 104 117 142 66 92 123 99 110 51 130 34 115 31 4 68 37 126 76 132 7 22 15 35 88 100 60 95 83 6 58 121 106 14 29 120 38 78 13 94 77 10 40 79 56 102 93 62 33 97 87 9 81 129 112 0 48 146 71 147 143 47 128 86 72 59 75 144 20 116 65 26 2 16 30 61 63 111 148 124 135 139 43 149 114 122 21 70 73 44 3 12 105 103 127 90 67 118 49 
108 19 42 137 24 45 133 46 109 89 66 11 138 53 52 119 80 91 23 140 39 130 31 115 41 117 37 22 28 82 1 55 36 100 57 104 85 8 76 32 27 110 54 126 132 18 68 121 25 107 134 145 125 5 49 38 15 40 69 35 64 13 51 98 60 74 56 14 79 58 113 92 48 146 143 101 128 77 71 131 78 34 136 129 10 123 120 17 144 26 116 141 84 59 147 96 95 30 87 93 65 88 7 16 63 111 20 9 83 135 29 112 6 139 99 142 62 122 4 43 47 73 33 2 61 114 149 124 148 102 106 70 97 72 12 0 44 86 75 105 94 21 3 127 81 103 90 67 118 50 
125 32 92 110 34 104 120 15 95 58 78 123 93 88 132 91 87 7 14 53 9 145 77 112 29 83 55 62 133 45 76 6 25 137 121 89 47 96 13 79 33 2 20 130 72 82 61 74 102 97 148 0 31 75 86 108 4 124 66 99 22 50 24 71 37 106 19 42 140 142 21 48 146 63 149 94 17 114 43 143 64 141 144 111 81 109 54 80 57 70 3 44 115 11 84 135 46 128 103 100 23 52 28 49 85 138 30 127 119 131 40 26 134 105 117 1 12 39 122 107 69 73 41 38 56 67 36 90 118 18 136 126 8 116 68 27 98 101 113 5 35 60 129 59 10 65 139 147 16 51 
23 39 117 138 11 119 126 68 42 46 115 50 41 108 35 60 100 27 19 66 8 109 36 38 1 24 10 5 37 80 31 56 40 137 129 133 22 130 28 45 147 18 89 53 59 85 140 91 98 65 107 57 76 116 16 128 113 134 69 82 54 121 143 49 48 101 146 104 132 55 26 13 110 32 71 79 139 15 30 14 144 64 25 125 136 145 58 51 77 74 131 78 92 111 120 122 135 17 34 63 84 123 141 87 73 20 93 95 96 88 7 43 9 12 112 83 29 70 114 6 149 62 105 99 142 124 44 148 4 61 47 2 33 3 127 21 102 106 72 97 90 0 67 103 86 118 75 94 81 52 
91 45 137 133 89 32 104 110 55 108 125 50 51 132 24 19 130 76 15 145 82 42 66 25 92 31 140 58 121 14 22 34 37 78 13 109 77 123 74 120 79 80 46 11 95 57 115 54 88 93 138 52 64 87 7 23 96 119 71 28 100 48 85 146 9 17 83 143 29 39 117 1 49 112 41 6 134 20 141 62 36 128 107 40 144 69 84 131 18 8 99 47 38 126 63 4 142 27 33 56 68 111 2 61 26 102 98 136 5 30 97 148 72 124 101 106 135 43 0 35 113 60 86 149 75 114 116 94 70 21 122 129 44 59 81 10 73 3 12 105 65 147 103 127 16 139 90 67 118 53 
57 49 64 140 134 85 131 69 80 107 28 82 136 24 109 84 74 101 17 19 18 1 89 141 55 25 113 98 46 45 145 36 50 119 41 137 91 8 53 5 108 27 138 133 32 125 96 42 39 52 104 92 123 142 11 110 66 99 51 23 34 117 130 4 31 7 132 15 88 115 76 37 95 22 83 6 58 106 121 68 126 100 14 29 120 35 78 60 13 94 77 79 102 93 62 33 38 9 97 87 40 81 112 0 56 47 10 48 146 71 86 143 128 129 72 75 20 147 2 144 59 26 61 116 63 30 65 148 111 16 124 135 43 149 114 21 139 122 70 44 73 3 12 105 103 127 90 67 118 54 
25 145 82 89 91 74 45 32 53 125 140 137 92 24 123 104 64 51 133 96 17 110 34 19 54 57 141 50 80 108 84 109 7 88 95 15 49 99 132 142 131 85 83 28 58 6 134 42 4 46 120 76 29 130 66 78 14 69 107 121 31 93 1 77 62 106 119 136 9 87 22 33 112 138 37 13 102 18 79 11 97 41 47 36 52 94 0 101 98 23 86 115 39 8 113 72 75 81 27 2 117 20 71 100 5 48 146 61 143 148 126 40 124 128 144 63 68 38 56 111 21 35 43 149 114 60 26 30 135 70 116 44 3 129 10 122 103 59 73 105 127 147 12 65 16 67 90 139 118 55 
38 40 100 116 59 115 129 65 126 128 68 139 16 26 23 11 37 117 60 35 147 22 10 66 31 143 42 30 52 48 146 130 39 144 108 71 138 50 76 122 121 13 133 79 119 137 135 111 46 73 132 19 41 53 45 63 14 27 8 24 91 109 77 15 104 36 110 89 58 12 1 80 5 32 78 43 28 105 20 140 51 18 70 120 125 55 82 85 114 87 98 44 57 149 107 93 92 145 54 90 134 25 113 127 69 34 49 3 118 67 101 124 9 74 148 64 95 123 112 61 103 88 21 136 7 2 131 62 29 83 96 17 47 6 141 84 33 72 99 102 4 75 97 142 0 86 106 94 81 56 
54 49 140 85 134 80 69 64 28 107 131 82 24 109 136 19 1 101 18 89 74 98 113 46 84 55 17 25 36 141 45 119 50 41 145 8 137 91 5 53 27 138 108 133 32 42 39 52 125 96 11 104 66 23 92 123 110 117 51 142 130 34 99 31 115 37 132 76 15 22 4 7 88 68 126 95 100 58 121 35 83 6 14 60 120 106 78 29 13 77 38 79 40 93 94 62 56 102 87 10 9 33 97 48 112 146 71 143 0 81 129 47 128 86 147 72 75 20 144 59 116 2 26 65 30 61 63 16 111 148 124 135 43 149 139 114 21 122 70 73 44 3 12 105 103 127 90 67 118 57 
15 78 14 77 132 120 110 104 87 121 51 76 79 13 93 20 32 125 9 34 92 112 130 53 71 133 95 91 61 148 63 124 31 2 22 88 137 48 146 43 62 149 45 114 123 37 29 7 111 47 66 144 143 21 83 70 89 55 145 108 135 44 6 42 72 3 33 25 128 50 103 30 75 127 96 105 82 97 102 19 115 12 26 86 0 24 100 122 73 74 11 40 67 140 90 4 118 99 23 106 56 109 52 38 142 46 80 94 116 138 117 17 64 57 54 119 81 39 126 141 28 68 85 41 84 1 49 59 134 36 35 60 131 129 107 8 69 139 27 18 65 5 10 136 16 98 147 101 113 58 
65 16 129 56 139 38 116 147 40 126 10 60 100 68 35 115 117 26 128 23 11 37 30 52 22 143 66 39 31 42 48 146 130 138 144 122 108 71 50 119 76 121 73 13 135 46 133 41 79 111 27 137 8 19 132 36 63 109 5 45 53 24 14 12 1 91 77 15 80 89 104 110 58 28 105 18 43 32 78 140 20 70 85 98 51 55 120 82 107 125 57 114 44 113 149 90 134 69 87 54 127 101 118 49 93 67 145 92 25 3 34 124 64 74 148 9 103 123 95 136 112 61 21 131 88 2 7 62 17 29 83 96 47 84 141 6 72 33 99 4 142 75 102 97 0 86 106 94 81 59 
35 68 10 126 129 147 117 23 38 39 52 11 59 56 65 16 115 100 138 40 119 42 27 41 116 8 46 66 139 108 37 36 50 5 22 31 19 128 1 109 130 26 24 133 80 137 18 143 28 48 146 30 45 98 76 53 85 89 121 71 113 144 107 91 140 13 79 132 134 69 57 101 122 104 54 49 82 110 14 15 55 32 135 111 77 58 73 63 136 125 64 51 25 78 145 131 74 120 12 92 20 43 34 87 17 105 93 123 84 70 141 114 95 149 44 88 9 96 7 112 124 90 127 3 83 148 29 61 62 118 67 6 2 21 47 99 103 142 4 33 72 102 97 106 0 75 86 94 81 60 
148 2 124 21 112 87 9 93 20 47 120 62 149 78 72 114 103 3 58 77 95 75 29 43 14 44 33 15 88 70 34 51 83 7 86 127 6 110 132 0 92 97 63 79 102 104 13 125 123 121 67 32 76 111 118 105 90 71 135 12 144 48 91 146 53 96 106 130 4 145 94 133 143 81 31 22 55 137 73 45 99 25 37 122 89 30 66 142 128 108 74 26 82 42 50 24 19 100 115 140 17 40 141 11 64 56 116 109 23 38 80 54 84 57 52 46 138 117 119 126 28 39 85 49 131 134 68 59 139 1 41 107 69 129 36 35 60 65 8 18 136 27 16 98 10 101 5 147 113 61 
47 29 72 112 9 33 95 88 83 75 7 6 86 97 2 0 102 93 34 87 123 120 92 61 51 78 125 148 106 4 58 94 96 32 124 110 15 81 21 104 99 20 77 14 145 132 142 25 55 91 149 53 114 76 79 121 13 74 103 45 43 133 3 89 137 82 70 44 63 130 17 71 141 127 31 111 22 48 146 108 140 66 24 37 64 50 144 84 67 135 19 143 105 42 118 90 54 57 12 80 128 109 131 30 73 115 49 122 11 46 100 26 85 28 134 40 23 52 138 119 69 107 136 1 117 56 38 39 41 36 18 116 126 101 8 98 68 27 113 5 35 60 59 129 139 65 10 147 16 62 
111 135 43 70 71 144 105 12 79 114 20 44 13 149 48 146 73 77 143 122 121 127 14 3 30 90 67 76 118 58 132 78 128 124 15 26 103 87 22 148 120 130 21 31 37 93 61 110 104 66 9 51 2 112 40 133 116 100 32 53 115 42 56 125 91 137 34 108 95 92 38 62 45 47 88 11 29 50 139 72 89 7 123 23 59 83 55 33 126 6 75 145 117 19 52 65 129 24 68 25 86 97 0 16 102 82 138 39 60 35 46 96 140 109 119 147 74 10 80 4 106 41 99 57 94 28 54 142 1 36 64 8 27 81 85 17 141 49 134 18 5 107 69 84 131 98 113 101 136 63 
54 131 84 57 17 74 141 82 49 140 134 25 136 85 55 69 80 107 145 24 28 89 109 19 101 45 18 96 91 1 113 98 53 137 46 142 50 32 125 99 123 36 92 119 133 41 108 4 8 104 34 51 138 5 110 27 7 42 88 106 6 95 83 52 39 66 11 15 29 94 130 132 23 76 31 58 102 120 117 81 97 33 37 78 14 62 22 121 115 0 93 9 77 86 112 47 87 13 79 100 126 72 75 68 35 60 2 38 71 40 48 146 20 143 56 61 128 10 148 144 129 124 63 26 147 111 30 21 116 59 43 149 114 135 65 70 16 44 122 3 103 139 73 12 105 127 67 90 118 64 
16 59 129 147 139 56 38 116 10 40 60 126 68 35 100 115 117 23 26 128 11 52 37 30 39 22 143 66 42 31 48 146 138 130 144 122 108 71 119 50 41 46 27 73 76 121 135 13 133 8 79 111 19 137 36 5 109 132 63 45 1 24 53 12 14 80 91 77 89 15 104 110 28 18 58 105 140 43 98 32 78 85 20 70 107 113 51 55 57 82 120 125 134 44 114 69 90 149 54 101 49 87 127 118 145 67 25 93 92 3 34 64 124 74 136 148 9 103 123 95 112 131 61 21 88 2 7 17 62 29 96 83 84 141 47 6 33 72 99 142 4 102 75 97 0 86 106 94 81 65 
31 42 37 130 22 108 115 133 11 100 50 137 76 23 121 53 40 52 45 117 132 91 13 19 38 48 143 146 128 56 79 138 104 71 89 126 110 39 24 15 46 14 68 119 32 144 26 58 109 77 116 30 35 60 80 51 41 55 78 125 129 140 59 82 111 120 63 36 1 8 135 10 27 28 145 65 92 25 122 147 20 57 34 85 87 16 139 93 5 54 18 73 74 123 43 107 134 95 49 64 69 98 9 12 88 70 114 112 149 7 113 105 124 96 101 44 29 148 83 17 61 62 131 2 6 136 141 3 47 84 127 21 90 33 103 72 67 99 118 4 142 102 97 75 0 86 106 94 81 66 
118 90 127 44 105 3 70 103 114 43 149 12 63 111 135 73 124 21 20 148 122 144 61 71 77 79 13 87 146 48 30 14 78 143 2 58 93 121 120 15 26 132 112 76 9 128 22 110 130 47 31 104 37 62 51 72 95 34 116 29 32 40 66 75 88 125 92 133 33 100 7 53 83 91 56 115 86 137 6 123 42 139 97 0 38 108 45 102 11 59 89 50 145 55 23 65 25 96 126 129 19 117 52 16 106 4 24 68 82 94 81 99 138 74 60 35 39 140 46 147 142 109 10 119 80 17 41 57 64 54 28 141 1 36 85 8 27 84 49 134 107 18 5 69 131 98 136 113 101 67 
126 35 60 117 10 23 129 52 38 11 39 147 115 100 56 138 59 40 65 16 42 119 66 41 27 46 108 116 37 8 50 31 22 36 139 5 19 130 128 109 1 26 133 137 24 80 143 18 28 48 146 45 30 76 53 89 98 121 85 71 91 144 140 13 107 113 79 132 57 134 69 104 101 110 82 122 54 14 15 49 32 55 111 77 135 58 73 63 125 51 25 136 64 78 145 74 131 120 92 12 20 34 43 87 93 17 123 105 84 70 141 95 114 149 88 44 9 96 7 112 124 127 83 90 29 148 3 61 62 6 118 67 2 47 21 99 142 103 4 33 72 102 97 106 0 75 86 94 81 68 
107 134 85 49 101 28 136 113 57 18 98 54 80 1 131 109 140 36 64 24 46 5 8 41 19 119 27 82 84 89 138 17 74 50 141 55 45 25 39 137 108 52 145 91 53 42 133 11 23 117 32 66 125 96 104 68 115 126 35 130 92 110 31 123 142 60 51 37 99 100 22 34 76 132 15 4 10 38 7 121 88 58 95 40 14 56 83 129 6 13 106 147 120 78 79 77 29 94 48 146 93 128 143 71 59 87 102 62 9 33 97 65 112 81 116 16 0 47 144 26 86 20 72 30 75 2 63 139 111 61 135 148 124 43 122 149 114 21 73 70 44 12 3 105 103 127 90 67 118 69 
44 43 114 127 149 3 105 67 63 90 118 103 20 12 111 135 124 21 148 73 71 77 79 144 13 61 122 14 78 87 48 146 58 121 143 120 93 30 15 132 2 76 9 112 128 26 110 22 130 104 31 51 37 47 62 95 32 34 72 66 133 125 92 29 88 53 40 116 91 75 100 7 83 137 33 42 115 123 56 45 108 6 86 38 97 0 102 89 50 11 139 145 55 23 59 25 96 19 126 117 24 52 65 82 129 4 106 68 16 94 74 99 138 140 39 46 81 109 35 60 142 119 80 147 10 57 17 41 54 64 28 141 1 85 36 8 27 49 84 134 107 18 69 131 5 98 136 113 101 70 
48 146 144 143 13 79 111 121 63 135 76 128 30 22 14 77 130 26 31 37 132 122 73 43 15 58 20 12 66 78 70 105 40 114 110 100 149 104 133 44 120 115 116 87 42 56 108 127 53 3 137 93 38 51 124 90 91 32 11 67 148 118 45 50 103 125 21 61 23 9 112 139 59 89 92 34 117 126 2 52 95 19 68 129 65 55 24 62 88 138 123 39 145 47 16 35 60 29 7 46 25 82 83 109 119 147 72 140 10 6 80 33 41 75 74 96 97 86 102 1 28 36 0 57 8 27 54 85 64 4 5 99 18 134 49 17 107 106 142 69 141 94 98 84 131 113 81 101 136 71 
47 75 62 33 86 29 0 97 112 102 2 9 83 6 88 95 7 93 61 34 87 123 120 148 92 106 94 81 51 4 21 124 78 125 96 58 99 20 15 32 110 77 104 142 14 145 149 132 114 103 25 3 55 91 43 79 53 13 121 76 74 44 70 45 133 89 63 127 137 82 17 71 130 141 111 67 31 48 105 118 146 22 90 135 144 64 140 84 108 66 37 24 143 50 19 12 42 54 57 73 128 80 30 131 109 122 49 115 26 11 100 46 85 134 28 40 23 52 138 69 119 107 136 1 56 117 38 39 41 18 36 116 126 101 8 98 68 113 27 5 35 60 59 129 139 65 10 16 147 72 
122 135 12 111 30 144 105 63 26 143 71 146 48 90 43 70 128 118 44 127 67 79 114 13 149 3 121 116 20 22 77 76 37 14 40 103 31 130 132 56 139 58 100 124 78 15 38 66 115 21 148 87 59 120 110 93 61 104 65 42 133 11 16 108 129 51 53 137 9 2 126 23 112 32 91 117 68 50 45 125 52 147 60 34 35 92 95 10 62 89 47 19 39 88 138 29 72 24 55 123 7 46 83 145 119 33 6 109 75 25 82 140 41 80 86 97 0 102 96 27 8 36 74 1 28 57 54 85 5 4 64 99 18 106 134 107 49 94 142 17 69 98 81 141 113 84 131 101 136 73 
25 17 82 145 141 55 64 84 96 140 54 89 57 131 142 123 99 125 91 45 32 92 24 49 53 4 34 80 137 134 19 51 85 7 88 104 136 109 69 28 6 83 133 95 106 110 107 50 29 94 108 46 102 1 101 15 18 33 97 62 81 120 132 0 58 42 119 98 113 78 9 36 93 76 86 130 47 66 41 112 14 138 87 72 75 121 31 77 8 52 11 27 5 22 37 13 39 79 23 2 115 117 61 20 100 71 148 48 146 124 143 126 68 40 38 128 21 144 63 35 60 56 149 43 114 111 26 135 30 70 10 3 44 129 116 103 59 122 147 127 105 73 12 65 16 67 90 139 118 74 
72 86 33 0 97 47 102 62 29 6 83 88 112 7 9 95 2 94 81 106 34 93 61 123 4 87 92 120 148 96 99 51 21 125 124 78 142 58 32 110 15 20 145 104 77 14 25 132 149 55 114 103 91 74 53 3 79 43 76 121 13 17 45 44 89 82 70 133 141 137 63 127 130 71 84 64 111 67 140 31 22 24 48 108 118 146 105 66 90 50 135 144 37 19 54 143 42 57 12 131 80 109 49 128 73 30 122 85 46 134 115 28 11 26 100 69 136 107 23 40 52 119 138 1 41 117 18 39 56 36 38 101 116 98 8 126 113 27 68 5 35 60 59 129 139 65 10 147 16 75 
121 132 13 130 79 14 15 31 22 77 58 110 37 71 104 133 48 66 146 78 53 143 137 91 32 144 120 42 108 51 45 128 63 20 125 87 111 50 115 93 100 89 135 30 26 92 40 11 43 34 55 19 9 114 149 23 95 112 122 24 56 70 38 145 124 123 52 148 73 61 88 25 44 82 116 117 12 2 105 7 62 138 46 140 29 126 3 109 21 83 39 47 127 80 119 68 6 74 103 96 59 90 72 67 33 35 129 60 118 41 57 28 54 139 65 1 75 64 36 85 97 102 0 8 86 27 10 16 17 4 99 147 49 134 107 18 141 142 106 69 5 84 131 94 98 113 101 136 81 76 
14 58 78 15 132 79 13 121 120 20 76 87 110 93 104 71 63 51 43 130 48 146 149 9 114 124 32 111 148 112 144 31 22 61 125 133 143 70 34 53 135 92 37 91 2 95 21 44 66 137 3 62 45 88 128 47 29 103 105 123 30 127 7 108 12 42 83 89 73 26 122 55 72 145 50 6 67 90 33 115 100 118 25 40 75 11 19 82 97 24 86 102 96 0 56 38 23 116 74 140 52 4 117 109 46 99 106 138 80 126 142 39 94 119 68 57 64 17 54 59 81 139 141 28 129 35 41 60 85 65 1 36 49 84 134 8 16 27 107 10 131 69 147 18 5 98 136 101 113 77 
58 120 77 15 87 14 93 132 110 20 51 104 9 79 13 121 112 76 32 34 61 125 148 95 92 124 2 62 88 149 71 114 63 43 47 21 29 53 91 130 133 7 123 83 48 70 146 31 111 72 137 22 45 44 3 6 144 33 143 37 145 135 66 103 55 75 89 127 97 108 25 86 102 0 42 105 96 128 50 12 30 67 82 73 90 122 26 118 4 19 74 24 115 100 106 99 11 40 140 94 142 81 23 109 56 52 38 17 80 46 64 116 57 138 117 54 141 119 39 126 28 84 85 68 49 41 1 134 59 131 36 35 107 60 129 69 139 8 18 27 65 136 5 16 10 98 147 101 113 78 
13 121 14 71 76 77 132 48 146 58 15 63 144 130 143 78 22 111 20 31 110 37 135 104 120 43 128 87 133 66 30 114 93 149 51 70 26 53 32 122 137 91 44 73 124 42 12 105 108 125 148 100 45 9 115 40 3 61 112 92 34 127 21 50 95 2 89 103 11 56 90 116 67 38 118 88 55 62 123 23 19 47 29 145 7 24 52 83 117 25 126 82 72 6 138 33 59 46 68 140 109 39 139 75 96 129 119 74 80 65 97 35 102 60 86 0 16 41 57 4 54 10 28 147 1 99 64 36 85 106 8 17 142 27 94 49 134 141 18 107 5 69 81 84 131 98 113 101 136 79 
109 28 85 24 140 19 57 1 46 134 107 54 18 49 69 119 36 41 50 98 82 89 8 138 101 113 27 64 45 5 136 108 137 131 39 55 52 42 53 91 133 74 25 11 23 145 117 84 66 17 141 32 115 130 104 125 31 68 126 37 110 22 35 100 60 51 76 92 132 96 123 15 121 38 34 40 58 10 14 56 13 142 79 99 129 77 78 7 95 88 120 48 146 147 143 128 4 71 83 6 29 59 93 87 116 65 9 106 144 26 62 16 112 30 33 102 20 94 47 97 63 0 111 139 86 72 81 135 2 75 61 122 148 43 124 149 114 73 70 21 12 44 105 3 127 103 90 67 118 80 
94 106 4 102 0 97 86 99 6 33 142 83 75 7 96 29 88 72 123 62 47 95 34 92 112 9 145 125 25 2 74 51 17 141 93 32 55 120 87 61 84 110 104 82 78 148 91 58 15 64 53 89 124 21 45 14 77 132 140 20 131 137 54 133 57 76 24 121 79 13 49 149 19 114 130 50 80 103 108 134 136 3 85 43 109 31 69 66 28 42 44 70 107 63 71 22 37 46 127 48 146 111 1 101 143 18 144 119 135 67 11 138 113 98 36 105 41 115 52 118 90 23 128 100 8 12 39 30 27 117 5 40 26 73 122 38 56 126 68 116 35 60 129 59 10 65 147 139 16 81 
55 140 25 89 74 64 145 54 24 57 45 91 17 19 80 53 137 141 49 109 32 84 85 131 125 134 50 28 133 96 69 92 107 104 108 123 46 51 136 110 1 34 18 42 119 142 99 101 36 7 41 138 66 88 98 15 95 113 132 130 4 76 83 8 6 52 58 31 11 27 29 120 39 14 5 121 78 37 22 23 106 77 93 115 13 62 117 9 87 102 79 33 94 112 97 47 100 0 81 86 126 72 71 68 75 48 146 20 143 2 40 38 35 60 128 61 56 144 148 63 124 111 26 10 129 30 43 149 21 114 116 135 59 147 70 65 44 122 3 16 73 103 12 105 139 127 67 90 118 82 
6 7 29 88 95 33 102 62 97 123 34 0 47 86 92 72 75 4 9 96 106 112 94 51 125 99 93 81 120 2 142 145 32 87 110 25 78 104 61 58 55 15 74 91 148 14 77 53 132 124 82 20 89 17 45 21 141 133 137 76 121 79 13 64 84 140 149 130 114 24 43 108 19 54 50 31 103 3 57 71 63 66 22 70 44 42 131 37 80 48 146 109 111 49 127 143 144 85 134 135 28 46 69 105 67 11 136 107 115 128 118 119 90 100 138 1 12 52 23 30 18 26 41 73 40 36 122 39 101 117 98 113 8 38 56 27 126 5 68 116 35 60 129 59 10 65 139 147 16 83 
141 17 64 131 74 54 82 49 57 25 136 140 134 145 55 142 69 96 85 99 107 80 89 28 24 101 4 109 123 45 19 91 113 125 18 92 32 53 98 1 106 137 34 46 7 50 94 6 88 51 36 83 133 104 95 119 41 108 110 81 29 8 102 5 97 138 27 33 0 42 15 62 86 132 66 52 120 39 58 130 47 9 76 11 78 93 75 112 14 31 72 23 87 121 77 37 22 117 115 13 79 2 100 126 68 61 20 35 71 48 60 146 148 38 40 143 124 56 128 144 21 63 10 149 129 111 43 114 26 30 147 135 116 59 70 3 44 65 103 122 16 73 127 105 12 139 67 90 118 84 
28 134 107 69 49 57 80 18 54 1 101 109 98 140 113 136 36 24 46 131 19 64 41 119 8 5 82 27 89 138 50 84 45 74 55 39 17 137 108 25 141 52 91 53 145 42 133 11 23 117 66 32 125 104 115 68 130 126 31 96 110 35 92 37 60 51 123 22 100 76 142 34 132 99 15 38 121 10 58 40 7 4 14 56 88 95 13 129 78 79 83 120 77 147 6 29 106 48 146 143 128 71 93 59 87 9 62 94 65 102 116 33 112 16 97 144 26 47 0 81 30 20 86 72 63 75 111 139 2 61 135 148 124 43 122 149 114 73 21 70 44 12 3 105 103 127 90 67 118 85 
0 97 75 33 102 72 6 29 47 62 83 7 88 94 81 106 95 112 4 9 2 123 34 99 96 92 93 61 142 87 51 120 125 148 78 145 32 124 21 110 58 104 25 15 20 55 77 14 74 132 91 53 17 149 141 82 114 89 45 103 76 121 79 13 133 3 137 43 84 44 64 70 130 63 140 127 71 24 31 54 108 19 50 111 22 57 66 48 131 146 67 37 42 144 105 135 118 143 80 90 49 109 12 85 134 28 46 128 136 69 115 11 30 73 107 122 100 26 119 138 1 52 23 40 18 41 101 36 39 117 98 38 56 113 8 27 126 116 5 68 35 60 59 129 139 65 10 147 16 86 
93 120 78 9 112 58 61 20 2 77 148 15 14 124 51 95 62 47 110 34 21 132 104 29 88 92 149 79 72 125 114 13 32 7 121 83 76 43 33 123 6 75 63 3 70 103 44 71 86 97 91 0 53 102 111 133 130 127 145 48 146 137 144 45 31 135 55 22 96 143 105 25 37 89 67 66 4 90 118 12 106 108 99 94 128 42 82 73 30 74 81 50 122 142 26 24 19 115 140 100 40 11 17 141 64 109 23 80 56 54 57 46 38 52 116 84 138 117 119 28 39 85 126 49 131 134 68 1 41 107 59 69 36 139 35 129 60 8 18 27 136 65 98 5 101 16 10 113 147 87 
7 95 83 29 6 34 123 62 92 33 47 102 97 9 112 51 0 125 72 86 75 96 93 120 4 32 106 87 145 99 2 110 94 78 104 25 58 142 15 81 55 61 91 14 77 74 132 53 148 89 20 45 124 82 133 137 76 21 17 121 79 13 141 130 140 149 64 114 84 24 108 31 43 50 19 71 66 22 54 63 3 103 57 42 37 70 44 48 146 80 131 111 109 143 144 49 127 135 85 46 134 28 11 115 105 128 67 69 107 100 136 119 138 52 118 12 90 23 30 1 26 40 73 41 122 18 39 36 117 101 38 98 8 56 113 27 126 5 68 116 35 60 129 59 10 65 139 147 16 88 
45 91 53 137 55 82 24 19 140 133 50 25 32 145 108 80 109 104 125 74 57 110 54 42 46 64 51 92 66 28 130 85 132 49 15 76 123 31 34 119 134 17 138 1 11 107 58 37 96 22 52 141 69 121 131 41 14 84 36 23 18 39 78 95 115 120 88 13 7 77 8 79 136 117 27 98 83 100 101 93 99 113 142 6 5 29 87 4 9 71 48 146 62 112 126 143 40 68 38 33 128 47 106 20 102 56 35 97 144 60 0 94 2 72 63 86 26 61 75 111 30 148 124 81 129 116 10 135 43 149 114 59 21 147 70 122 65 44 73 16 3 12 139 105 103 127 67 90 118 89 
118 67 127 105 44 70 12 3 43 114 103 149 63 135 73 111 20 122 124 21 144 148 71 30 79 146 48 77 13 61 143 14 87 78 121 26 58 128 93 120 2 132 76 15 112 9 22 130 31 37 110 104 116 51 47 62 40 66 72 95 100 133 32 34 56 125 29 92 88 115 53 139 75 91 38 42 137 7 33 83 108 45 123 6 86 59 11 97 0 50 102 65 89 23 55 145 126 129 16 117 52 19 25 68 96 24 82 60 35 138 147 4 106 39 94 46 10 74 140 99 81 109 119 80 142 41 57 54 17 64 28 1 36 8 27 141 85 49 134 84 5 18 107 69 131 98 113 136 101 90 
53 45 137 89 32 133 104 55 110 125 145 51 82 108 50 25 24 19 132 92 15 130 76 140 42 66 34 58 31 121 14 123 74 78 109 120 22 37 77 80 13 95 79 46 57 88 54 96 64 7 11 93 87 115 17 138 28 83 119 52 85 9 29 23 71 6 49 112 141 48 100 146 134 1 62 39 41 143 84 20 117 99 107 131 69 36 142 4 47 33 18 128 40 144 8 102 2 63 27 97 38 126 61 106 136 72 0 56 98 111 148 68 5 101 86 124 75 26 113 30 43 94 135 149 35 114 60 21 70 116 81 122 44 129 3 59 73 10 12 105 103 127 65 147 16 139 67 90 118 91 
34 125 123 51 95 32 88 7 145 83 104 110 29 6 96 120 55 25 62 91 9 93 15 112 58 78 53 87 33 47 132 45 102 89 4 74 97 99 14 0 72 82 77 133 137 86 106 142 75 2 76 94 121 61 17 13 79 20 130 140 81 148 24 141 108 64 50 19 124 31 66 84 42 22 54 21 57 37 71 80 109 149 114 48 63 146 43 131 49 46 143 85 28 144 134 111 11 70 115 3 44 103 119 138 69 107 52 100 135 128 23 1 136 41 127 39 18 36 30 40 117 26 105 101 8 12 98 38 56 67 122 27 73 113 126 90 118 5 68 116 35 60 129 59 10 65 139 147 16 92 
87 120 9 112 78 2 61 58 95 62 51 148 47 15 77 20 34 14 124 29 88 110 92 72 7 104 132 83 125 21 32 33 123 6 75 79 149 13 121 114 76 86 97 0 102 43 91 3 53 63 103 70 44 145 71 133 96 130 55 45 111 137 25 127 4 48 106 146 31 89 22 144 135 94 99 143 37 105 66 81 67 82 142 74 108 118 90 12 42 50 128 30 24 73 19 122 140 26 17 115 100 141 64 11 40 109 80 54 57 84 23 46 52 56 38 138 116 117 119 28 85 49 131 39 134 126 1 41 107 69 68 36 18 59 136 8 35 60 27 129 139 98 65 101 5 113 10 16 147 93 
106 81 4 102 99 97 0 6 142 86 33 83 96 7 29 75 88 123 72 62 95 47 34 92 145 9 112 25 125 74 17 51 141 2 93 32 55 120 87 84 82 110 61 104 78 91 64 58 15 89 53 148 45 14 124 132 77 140 21 131 137 54 133 20 57 24 76 121 49 19 79 13 50 80 149 130 108 134 114 136 85 109 103 69 31 28 43 66 3 42 107 22 71 63 70 37 44 46 48 146 1 101 111 127 18 119 143 144 11 138 113 98 36 41 135 115 52 67 105 23 100 128 8 118 39 90 12 27 117 5 30 40 26 73 122 38 126 56 68 116 35 60 129 59 10 65 147 139 16 94 
88 34 7 29 83 62 92 123 6 9 47 112 51 33 93 125 120 72 97 102 87 0 75 86 32 2 78 96 110 104 58 15 145 4 61 106 99 14 25 77 94 55 132 91 148 142 53 81 20 124 74 45 76 21 89 133 121 137 79 82 13 17 149 130 114 141 43 140 31 71 24 108 63 64 3 22 50 66 103 19 70 84 37 44 42 48 146 111 54 57 143 144 127 80 109 135 131 49 105 46 128 67 115 11 85 28 134 12 100 118 90 30 52 138 23 119 69 26 107 73 122 40 1 136 117 41 39 18 36 38 56 101 8 126 98 27 113 116 68 5 35 60 59 129 65 139 10 147 16 95 
99 142 4 123 145 7 106 6 25 83 92 74 88 34 94 125 95 29 55 17 102 141 97 33 81 32 0 51 82 62 86 84 47 91 64 75 89 104 110 72 9 53 112 45 120 93 140 54 15 137 87 78 58 131 57 133 24 2 132 14 19 49 77 80 61 50 76 134 108 109 85 121 136 130 148 28 69 13 20 79 107 42 66 124 31 46 21 22 1 37 101 18 119 71 138 36 149 98 11 113 41 114 52 48 146 43 63 115 23 8 143 39 27 144 3 100 70 103 111 5 117 44 128 135 40 127 126 30 38 26 68 56 105 12 67 35 122 73 60 90 118 116 129 10 59 147 65 139 16 96 
0 102 86 33 6 75 83 29 72 7 62 47 88 94 106 81 95 4 123 34 112 9 99 96 92 2 142 93 51 125 87 120 61 145 32 78 148 25 110 104 58 15 55 74 124 21 77 14 91 20 17 132 141 53 82 89 45 76 149 133 137 84 121 79 114 13 64 103 3 140 43 130 24 44 70 54 63 57 71 108 19 31 50 131 127 66 22 37 111 42 48 80 146 49 109 144 67 143 135 85 105 134 118 28 90 46 136 69 12 107 128 11 115 119 1 30 100 138 73 52 23 122 26 18 101 41 36 40 39 117 98 113 8 38 56 27 126 5 116 68 35 60 59 129 10 139 65 147 16 97 
113 18 101 107 1 69 28 36 5 85 134 8 27 41 49 80 136 109 119 46 57 54 140 138 24 19 131 39 64 52 50 82 89 108 117 23 11 84 45 42 137 55 74 17 141 68 35 25 53 91 126 133 60 66 115 145 10 100 32 31 130 37 38 104 125 22 129 147 110 56 40 76 96 92 51 132 123 121 15 142 34 59 99 65 16 58 13 14 79 128 48 116 143 7 146 4 88 95 77 78 120 71 83 6 26 29 106 144 93 139 87 30 9 62 94 112 102 33 97 20 47 111 63 0 81 135 86 72 122 75 2 61 43 148 73 124 114 149 70 12 21 44 105 3 127 103 90 67 118 98 
142 4 96 106 94 81 6 123 7 83 102 97 88 145 74 0 25 17 29 141 33 92 34 95 86 125 55 62 84 75 47 51 82 32 72 64 9 112 91 89 104 110 93 120 53 140 45 131 54 87 2 57 15 78 58 137 24 133 49 132 61 14 19 77 80 134 136 85 50 148 76 109 69 108 28 121 107 20 124 130 13 79 21 42 46 66 31 101 1 18 22 37 119 113 98 149 36 71 114 138 41 11 43 52 48 63 146 8 103 115 3 23 39 143 70 27 5 44 144 111 100 117 128 135 127 40 126 30 105 38 26 68 67 56 12 118 90 122 35 73 60 116 129 10 59 147 65 139 16 99 
115 40 38 56 37 11 23 66 22 126 31 42 117 128 68 116 130 52 129 59 108 143 26 35 60 48 146 65 39 50 30 138 10 76 133 147 16 71 139 121 144 137 13 79 119 19 46 132 53 45 122 41 91 24 14 109 111 135 104 15 89 110 77 27 8 63 58 36 73 80 1 32 78 5 140 28 51 55 125 12 82 120 20 18 43 85 57 87 105 145 92 70 98 107 25 54 93 134 114 34 69 149 49 113 44 74 101 64 123 95 9 124 127 90 3 112 148 88 118 61 67 7 136 131 21 2 29 62 103 96 17 83 47 141 6 84 33 72 99 4 142 102 97 75 0 86 106 94 81 100 
113 69 107 98 18 134 85 136 49 28 1 57 36 54 80 5 131 8 109 41 27 140 46 119 64 24 19 138 82 84 39 50 89 17 141 74 52 45 55 108 25 137 23 117 11 42 91 53 145 133 68 66 35 126 60 32 115 125 96 104 130 31 100 10 37 110 92 142 123 22 51 38 99 76 34 132 129 147 15 40 56 4 121 7 58 88 14 95 13 83 6 79 59 106 78 120 77 65 29 128 48 143 146 16 71 94 116 93 87 102 62 9 33 26 97 112 81 144 0 47 30 139 86 20 72 75 63 111 2 135 61 122 148 124 43 149 114 73 70 21 12 44 105 3 103 127 90 67 118 101 
97 0 33 86 6 83 75 29 106 7 94 72 88 81 62 47 4 95 123 99 34 96 112 9 92 142 2 93 51 125 120 87 145 61 32 25 78 110 148 104 55 74 58 15 124 21 17 91 77 141 14 20 53 132 82 89 45 84 133 137 76 64 121 149 79 13 114 140 103 3 43 24 130 54 57 70 19 44 131 108 63 50 31 71 66 22 80 127 42 49 37 48 109 111 146 85 134 144 143 135 28 67 136 46 105 69 118 107 90 11 12 115 128 1 119 138 100 52 30 23 18 73 101 41 26 122 36 40 39 98 113 117 8 38 27 56 5 126 68 116 35 60 129 59 10 65 139 147 16 102 
3 149 44 114 127 21 70 124 67 43 118 148 90 20 61 105 63 2 12 87 111 93 77 135 78 112 120 9 14 58 79 73 13 71 15 144 47 121 132 62 72 122 48 146 76 143 110 95 51 75 30 29 104 34 88 33 83 92 7 86 128 130 26 125 32 22 6 0 97 31 37 102 123 133 53 91 66 137 45 40 145 42 100 108 116 55 96 89 106 115 4 94 25 81 56 50 99 38 11 82 142 19 74 139 24 23 59 52 140 117 126 65 109 138 46 129 68 17 80 39 16 141 64 119 57 35 60 54 84 147 28 41 10 85 1 49 36 134 131 8 27 107 69 18 5 136 98 101 113 103 
110 32 51 15 125 132 53 91 58 133 14 76 78 92 120 137 45 77 34 121 130 89 55 13 79 93 145 87 95 123 31 108 25 88 66 9 22 7 50 37 112 42 82 20 29 71 83 19 24 62 48 6 96 146 74 140 47 2 143 61 63 148 33 144 124 115 11 72 109 111 80 43 100 128 102 149 97 46 114 4 99 57 64 75 0 54 23 17 21 52 86 135 142 138 40 70 106 30 141 119 26 28 117 44 85 3 39 38 49 84 94 56 1 134 41 103 122 126 131 105 12 36 73 107 127 81 69 68 116 8 18 27 67 35 136 90 60 118 98 5 101 129 113 59 10 65 139 147 16 104 
12 90 70 118 127 67 44 43 135 63 111 73 114 3 149 122 103 144 20 71 30 146 48 124 79 143 13 21 77 148 26 14 121 128 78 58 61 87 76 132 15 120 93 22 130 37 2 31 9 112 110 116 104 40 66 51 100 56 133 115 47 32 62 139 95 38 53 34 125 42 91 92 72 137 108 29 88 59 45 11 7 75 83 33 123 50 65 23 89 6 126 129 86 16 117 55 97 0 145 52 102 68 19 25 24 60 35 147 138 39 82 96 10 46 109 140 119 4 74 106 80 99 94 41 81 142 57 28 54 1 36 8 64 27 17 85 141 49 134 5 18 107 84 69 131 98 113 101 136 105 
94 4 81 99 102 142 6 97 0 96 83 33 86 7 29 88 123 75 95 62 34 72 47 92 145 25 125 74 9 112 17 51 141 55 32 93 2 120 84 82 87 104 110 91 64 78 61 89 15 53 58 45 148 140 132 14 137 77 131 54 133 124 57 21 20 24 76 49 121 19 13 79 80 50 108 130 134 136 85 109 149 114 69 28 31 66 42 107 43 22 103 3 46 71 37 63 70 44 1 101 48 146 18 119 111 143 138 11 127 113 144 98 36 41 52 115 135 23 8 100 39 128 67 105 27 117 5 118 90 12 30 40 26 73 122 38 126 56 68 35 116 60 129 59 10 65 147 139 16 106 
69 134 85 28 101 18 49 113 98 57 1 136 80 54 109 36 140 131 5 8 41 46 24 64 119 27 19 82 138 50 84 89 39 74 17 45 55 141 52 108 25 137 91 53 42 145 11 23 133 117 66 32 68 115 125 126 35 104 60 130 96 31 110 37 92 100 123 22 51 142 76 10 34 99 132 38 15 121 40 56 4 129 58 7 88 14 147 95 13 83 79 78 6 120 77 106 29 48 146 59 128 143 71 93 65 87 94 16 116 62 9 102 33 112 97 26 144 81 0 47 30 86 20 72 139 75 63 111 2 135 61 148 122 124 43 149 114 73 70 21 44 12 3 105 103 127 90 67 118 107 
42 50 66 137 133 19 45 11 130 31 53 24 37 52 89 115 23 91 22 46 138 109 119 117 100 39 76 80 104 140 132 121 110 32 41 55 126 82 40 38 68 1 13 15 28 36 79 8 56 125 14 57 27 48 146 85 143 51 58 35 128 145 25 71 60 54 77 18 5 107 134 92 78 49 74 144 69 64 129 26 120 98 116 34 10 30 59 123 113 101 147 87 65 93 131 111 63 95 17 136 20 88 135 16 96 141 7 84 9 122 139 112 83 29 43 6 62 73 114 149 99 47 70 142 124 61 148 2 4 12 33 44 105 102 72 97 21 106 3 0 75 86 127 94 103 90 67 118 81 108 
80 46 19 24 28 1 119 85 140 41 36 50 57 18 138 107 134 8 54 69 49 27 89 108 98 5 39 45 82 52 137 113 101 42 11 64 53 23 133 91 55 136 117 131 66 25 74 115 145 130 31 32 68 126 17 84 37 104 35 100 22 141 125 60 110 76 38 132 51 92 121 15 40 10 56 123 96 34 13 58 14 129 79 147 77 48 128 146 78 143 120 71 95 59 88 142 7 99 116 65 83 26 93 144 4 16 87 6 29 30 9 112 62 20 106 63 139 111 33 47 102 135 97 94 0 122 2 72 86 43 61 75 81 148 124 73 114 149 70 12 21 44 105 3 127 103 90 67 118 109 
104 15 51 32 132 58 125 14 78 53 91 120 76 77 92 133 121 34 137 45 13 93 87 79 130 95 89 55 123 145 9 31 88 112 22 66 7 20 108 25 37 29 71 62 50 83 42 82 48 6 146 47 19 24 2 61 96 148 143 74 63 124 140 33 144 72 43 111 149 114 115 11 102 128 97 21 75 100 109 0 135 4 86 80 70 99 46 23 64 57 17 30 52 142 44 54 40 106 3 26 138 141 119 117 103 94 28 38 39 56 85 122 105 127 12 84 73 49 1 41 81 134 126 131 116 36 107 68 69 67 90 8 118 18 27 35 60 136 98 5 59 129 101 113 65 10 139 147 16 110 
135 63 144 71 73 12 122 43 48 146 105 143 30 70 79 13 44 114 128 20 26 121 149 77 127 90 14 76 3 67 118 132 22 58 78 37 130 15 31 103 124 87 120 148 40 21 116 110 66 93 104 100 61 56 133 115 51 38 42 9 112 2 53 32 108 137 139 91 125 11 45 59 34 92 95 50 23 62 47 65 126 89 88 117 129 52 29 68 16 123 7 72 19 55 83 145 24 60 35 138 33 6 39 75 147 25 46 10 82 109 119 86 97 140 0 102 96 80 74 41 4 1 57 28 36 8 27 54 99 106 85 64 94 142 17 5 18 134 49 81 107 141 69 84 98 131 113 101 136 111 
9 93 2 62 47 87 61 95 120 72 29 88 148 78 33 34 83 75 7 51 124 6 92 58 86 21 97 20 0 123 15 102 77 125 110 14 104 32 132 149 114 79 96 13 121 106 43 76 103 4 3 145 94 91 53 70 44 81 99 63 55 25 133 71 142 45 127 137 130 89 111 74 48 31 146 22 67 82 135 144 105 143 37 118 66 90 108 12 17 50 42 24 140 141 19 128 73 30 64 122 26 84 115 54 100 57 11 80 109 40 46 23 131 52 49 85 138 28 56 38 119 134 117 116 39 1 69 107 41 126 136 36 68 18 8 27 59 101 35 98 60 129 113 139 5 65 10 16 147 112 
98 101 18 107 69 1 134 28 85 36 5 136 49 8 80 27 41 57 109 54 119 46 131 140 24 138 19 64 39 82 50 52 84 89 108 45 117 23 17 74 11 141 137 55 42 25 91 53 68 133 35 145 126 60 66 115 10 32 100 31 130 125 37 104 38 22 110 96 129 147 92 76 51 56 40 123 142 132 34 99 15 121 59 58 14 65 13 4 16 7 88 79 95 128 48 77 78 143 146 120 116 83 6 71 106 29 26 93 87 144 94 139 9 62 30 102 112 33 97 81 47 0 20 63 111 86 72 135 75 2 122 61 43 148 124 73 149 114 70 21 12 44 105 3 127 103 90 67 118 113 
149 43 44 70 3 20 103 127 124 21 63 67 148 105 118 90 111 61 12 77 135 87 78 79 14 93 13 58 71 120 2 144 73 15 121 9 112 132 48 146 76 122 143 110 30 47 51 104 62 128 130 95 72 22 26 34 31 29 37 32 88 92 125 75 133 7 33 83 53 66 91 123 6 86 137 97 0 45 102 40 42 100 108 116 115 145 89 55 56 50 38 96 25 11 4 106 19 23 82 139 94 24 99 81 59 74 52 117 126 140 142 65 138 68 129 46 109 39 80 16 119 35 60 17 64 57 54 141 147 10 41 28 85 1 84 36 49 8 134 27 107 131 18 69 5 98 136 101 113 114 
100 11 23 38 40 66 42 37 56 117 126 31 22 52 68 108 130 35 39 50 60 128 138 129 116 59 133 143 48 146 26 137 76 10 65 119 19 46 121 147 71 16 30 45 13 53 144 41 79 132 24 139 109 91 89 27 8 104 36 14 80 110 15 1 77 58 122 32 111 5 135 140 28 63 55 78 82 18 51 125 73 85 57 120 107 98 54 145 20 134 25 92 69 12 49 43 87 113 34 93 101 74 64 70 105 114 123 149 95 44 9 136 88 112 131 124 7 17 148 127 3 96 61 90 29 83 62 141 84 2 67 118 21 6 47 103 33 99 72 142 4 102 97 75 0 86 106 94 81 115 
56 40 139 59 26 38 128 65 100 30 16 129 143 115 48 146 37 126 22 144 122 147 68 31 60 11 71 23 35 66 10 117 130 73 42 135 111 52 13 121 76 79 108 63 39 12 133 138 50 132 14 137 77 105 15 119 53 43 46 58 19 45 104 110 70 91 41 20 78 24 27 89 109 44 114 8 90 149 32 36 127 120 118 51 80 67 1 5 87 3 125 93 140 28 55 124 82 18 103 92 148 85 34 145 57 9 21 61 25 98 112 107 54 95 134 123 69 113 2 49 88 74 101 7 62 64 29 47 83 96 6 136 131 72 17 33 141 84 75 97 102 0 86 99 4 142 106 94 81 116 
23 52 126 68 11 39 35 60 138 115 100 38 42 119 10 129 56 46 108 66 40 41 50 147 27 8 37 19 59 31 36 22 109 65 5 130 1 16 24 137 133 116 80 128 45 28 18 53 89 143 139 76 26 91 48 85 140 146 98 121 107 13 57 113 30 71 132 134 69 79 104 144 82 54 110 101 49 55 32 15 14 58 77 125 25 122 64 51 145 111 136 135 78 74 63 131 92 73 120 34 20 17 87 123 84 93 141 12 43 95 96 88 70 105 7 9 114 149 112 44 83 29 124 62 6 148 61 3 99 127 2 142 47 90 4 21 33 67 118 103 72 102 97 106 0 75 86 94 81 117 
67 90 127 105 44 70 3 12 103 43 114 149 63 135 111 73 20 124 21 122 148 144 71 61 79 77 30 146 48 13 143 87 14 78 121 58 2 93 26 120 128 132 15 76 112 9 22 110 130 31 37 104 47 51 62 72 116 95 40 66 34 32 29 133 125 88 92 75 100 56 53 33 7 83 115 91 139 137 42 38 86 123 6 108 45 0 97 102 59 11 50 89 145 55 65 23 126 129 16 25 117 96 19 52 68 24 4 82 106 94 60 35 138 81 39 99 147 74 140 46 10 109 142 119 80 41 57 17 54 64 28 1 141 36 8 85 27 49 84 134 18 107 5 69 131 98 113 136 101 118 
46 41 138 36 8 27 39 1 109 52 5 19 80 28 18 50 24 23 117 11 85 98 108 42 107 140 113 134 68 69 57 126 35 101 137 115 60 89 45 49 66 54 133 100 82 53 91 10 31 37 38 136 130 22 55 64 129 56 40 131 147 25 32 74 76 104 145 110 59 132 121 125 65 84 17 16 128 15 116 141 13 143 51 48 146 79 14 92 58 71 26 77 34 123 139 144 78 30 96 120 95 88 7 87 93 111 142 63 99 135 83 122 20 29 6 9 4 112 62 73 43 106 47 33 102 97 114 2 149 61 12 70 124 148 94 0 72 86 105 44 75 81 21 3 127 103 90 67 118 119 
78 87 93 58 15 9 51 77 14 112 110 104 132 95 34 20 92 2 61 125 32 62 88 148 47 29 124 79 121 13 76 7 123 83 72 21 6 91 149 53 33 114 43 133 63 75 71 130 145 137 45 97 86 102 55 70 0 3 31 44 48 111 146 22 89 96 25 103 37 144 66 143 135 108 127 4 82 106 42 99 50 74 105 94 128 12 67 142 24 19 30 90 118 81 140 73 122 26 115 100 11 17 40 64 109 141 80 23 57 54 46 52 56 38 138 84 117 116 119 28 85 39 49 126 131 134 1 41 68 107 69 36 59 8 18 35 60 27 129 136 139 65 98 5 101 113 10 16 147 120 
76 13 79 132 14 77 130 71 15 58 22 31 48 146 37 110 143 78 104 133 144 66 63 120 20 111 53 128 137 51 32 91 87 135 42 108 30 45 93 43 26 125 100 115 40 50 114 149 70 89 92 122 34 11 9 73 124 112 44 148 12 95 56 55 61 105 38 19 23 3 116 24 145 2 123 21 88 52 127 62 117 7 25 29 82 103 47 126 83 90 138 46 67 140 109 118 39 68 6 119 59 80 72 74 33 96 129 35 139 60 65 75 41 57 97 102 28 54 0 86 1 16 64 36 10 85 147 8 4 27 99 17 49 134 106 142 141 18 107 5 69 94 84 131 98 81 113 101 136 121 
73 30 135 144 111 26 12 143 146 48 128 63 71 105 116 43 70 79 13 90 40 22 44 121 118 37 127 67 114 31 76 56 139 149 130 20 77 100 14 3 132 38 115 66 59 58 15 103 78 65 124 42 16 87 110 133 120 129 11 104 148 21 108 126 23 93 137 61 117 53 68 51 91 50 147 32 52 60 35 45 9 112 2 10 125 39 89 138 34 92 19 95 24 62 46 47 55 88 119 29 123 109 7 145 72 83 41 82 25 140 80 6 33 75 27 8 36 1 28 86 97 74 96 0 102 57 5 85 54 18 64 107 134 4 49 99 69 98 106 17 142 94 113 141 101 131 84 81 136 122 
92 34 7 88 95 83 96 125 6 29 145 51 32 25 4 62 99 33 102 55 97 106 142 104 47 9 110 0 74 112 120 93 86 91 94 72 75 53 15 87 78 82 58 89 45 81 17 2 132 137 141 14 133 77 61 64 140 76 84 121 24 148 20 13 79 19 54 130 124 50 108 57 21 31 66 131 80 42 109 22 49 37 71 149 85 114 134 28 46 43 63 48 146 69 107 136 143 3 11 70 103 111 119 144 1 44 115 138 52 23 18 100 41 135 128 36 101 39 127 98 117 113 8 40 30 105 26 27 12 67 5 38 56 122 126 90 73 118 68 116 35 60 129 59 10 65 147 139 16 123 
148 21 61 149 20 114 103 2 3 87 93 43 44 70 112 9 78 120 127 77 58 14 63 47 67 62 15 72 79 118 105 90 13 132 111 95 51 121 29 110 75 71 34 135 88 12 76 104 33 83 7 92 144 86 125 6 32 48 146 97 0 123 73 102 143 130 122 22 53 91 31 133 30 37 128 137 145 45 26 66 96 55 106 4 94 89 25 81 108 42 99 50 100 142 40 82 115 74 19 24 116 11 56 140 38 23 17 52 109 141 64 117 46 80 138 126 57 54 139 59 39 84 119 68 28 129 65 85 49 35 41 60 1 131 134 16 36 107 69 8 10 147 27 18 136 5 98 101 113 124 
32 92 51 34 104 110 123 145 91 55 95 53 88 25 7 15 120 45 58 89 78 83 132 96 133 137 29 93 6 82 14 9 87 74 62 112 77 76 47 121 33 4 99 130 13 24 102 140 79 108 97 50 142 19 72 0 2 17 106 31 86 66 20 75 64 42 61 141 22 37 94 54 148 57 80 109 71 84 124 81 48 146 46 21 49 63 85 131 143 11 28 149 114 115 43 134 144 138 119 52 111 100 23 69 107 128 1 70 135 41 3 44 39 136 117 36 40 18 103 30 26 8 38 101 56 127 98 27 126 105 113 122 12 68 5 73 67 116 35 90 118 60 129 59 10 65 147 139 16 125 
68 35 60 117 23 38 129 11 10 115 52 100 56 39 147 40 59 138 65 16 42 66 116 119 37 108 31 50 22 46 41 27 139 8 128 130 19 36 26 5 109 133 143 137 1 24 48 146 80 30 45 76 53 28 121 18 71 89 144 91 13 79 98 132 140 85 107 104 113 122 110 57 14 15 134 69 82 32 111 135 54 55 77 101 58 49 63 73 125 51 78 25 145 64 136 120 74 92 12 20 131 43 34 87 93 105 70 123 17 114 95 149 84 141 44 9 88 96 112 7 124 127 90 3 148 29 83 61 62 118 67 6 2 21 47 103 99 142 33 4 72 102 97 106 0 75 86 94 81 126 
44 67 118 3 70 90 114 103 105 43 149 12 63 20 124 21 111 135 148 73 61 122 144 71 77 79 87 13 14 78 146 48 2 93 58 120 30 121 143 15 132 112 9 76 26 128 110 22 47 130 104 51 62 31 37 72 95 34 29 32 88 75 92 125 66 133 33 40 116 7 83 53 91 100 86 6 123 137 115 0 56 97 42 45 108 102 38 139 89 145 50 55 11 59 25 23 96 19 65 126 106 4 117 24 52 82 94 129 81 16 99 68 74 138 140 142 39 46 60 35 109 147 119 80 10 17 57 64 54 41 141 28 1 85 36 8 27 84 49 134 107 18 131 69 5 98 136 113 101 127 
26 143 30 48 146 144 40 71 22 37 116 100 56 31 122 130 38 135 115 111 13 79 121 66 76 73 63 139 59 42 132 11 14 12 65 77 23 126 108 129 133 117 15 16 68 58 43 105 52 137 50 20 110 70 60 104 35 78 53 147 114 10 45 91 44 39 149 138 120 90 32 19 127 87 51 89 3 118 67 46 93 119 24 125 124 109 148 103 41 92 55 9 21 34 61 80 112 140 27 8 82 95 36 145 2 1 25 123 28 88 5 62 7 29 57 47 85 18 83 54 74 6 107 134 72 98 49 96 64 69 33 113 75 97 101 17 102 86 0 131 141 4 99 136 84 142 106 94 81 128 
147 59 65 16 10 60 38 126 35 68 56 40 117 100 116 139 115 23 11 52 39 128 37 138 42 26 66 22 31 108 143 119 30 130 50 41 27 48 146 46 8 144 36 19 71 5 133 76 122 137 109 121 1 13 24 79 45 80 53 135 132 73 111 18 28 89 91 14 63 98 104 15 85 140 110 77 58 107 113 12 32 57 134 69 82 55 78 101 54 49 51 125 43 105 20 120 70 145 25 92 64 87 114 136 44 149 93 74 34 90 131 127 123 118 3 67 95 124 9 112 148 17 88 84 61 7 141 103 96 21 29 2 62 83 6 47 33 99 72 142 4 102 97 75 0 86 106 94 81 129 
31 22 37 66 76 121 133 42 132 13 108 79 137 48 146 71 53 115 143 14 15 104 100 110 50 91 45 128 77 11 58 40 144 32 23 89 78 19 26 38 56 51 30 52 125 117 120 24 111 63 135 138 126 55 20 116 46 39 87 92 68 109 93 119 122 34 82 145 140 43 80 25 35 73 59 60 129 95 41 123 9 114 70 149 112 12 65 88 1 28 124 36 139 57 44 74 105 148 7 8 10 27 61 54 85 147 16 29 62 2 83 3 64 21 96 47 127 18 5 134 6 49 107 69 90 103 67 17 33 98 118 72 141 113 131 102 97 101 75 99 84 4 0 86 136 142 106 94 81 130 
64 136 49 54 84 57 134 69 141 17 85 107 140 74 101 82 28 80 113 18 25 24 98 109 55 1 89 145 19 36 46 45 41 96 119 91 8 50 142 5 137 53 27 99 32 125 138 108 123 133 92 4 104 39 42 34 52 51 110 7 106 11 88 66 6 23 83 95 94 117 130 15 29 132 31 76 81 102 115 58 37 22 97 120 33 121 14 78 62 0 68 126 100 93 35 9 77 86 13 47 60 112 87 79 75 72 38 40 10 56 48 71 146 2 143 128 129 20 61 147 144 148 59 26 124 63 116 30 65 111 16 21 43 135 149 114 70 122 139 44 3 73 103 12 105 127 67 90 118 131 
15 14 76 121 58 77 110 13 79 104 78 130 120 133 51 32 31 53 71 22 91 87 125 137 37 20 48 93 146 66 45 143 92 63 34 108 144 42 9 89 111 95 112 43 50 128 55 135 123 114 124 149 88 145 148 61 115 100 30 2 7 62 70 19 29 25 26 11 24 83 40 47 44 82 21 122 3 6 23 73 105 12 140 56 52 72 33 38 96 127 74 103 109 46 117 138 116 80 75 97 102 90 119 126 39 67 0 86 118 57 4 54 68 64 99 28 17 41 106 142 85 59 1 35 60 141 129 36 49 94 134 8 139 65 27 84 107 18 69 81 131 10 16 5 147 98 136 101 113 132 
137 53 45 91 108 130 66 50 104 42 89 31 76 110 132 32 22 37 19 121 15 24 55 125 14 51 13 58 11 79 115 82 77 140 145 109 78 46 92 25 23 52 100 80 138 120 71 48 146 34 143 119 117 39 123 40 128 74 57 87 93 28 54 95 144 38 41 126 1 56 85 88 20 64 36 7 68 9 26 63 96 8 49 30 111 112 134 27 83 107 29 18 17 35 69 135 60 62 6 116 141 5 43 131 47 84 98 129 61 2 148 124 122 114 149 59 99 33 113 101 136 4 70 142 10 73 72 102 65 97 44 147 21 0 12 106 75 86 105 3 16 139 127 94 103 81 90 67 118 133 
69 49 85 107 57 28 54 136 101 80 18 113 98 131 1 140 109 64 24 36 46 82 19 41 8 5 119 84 27 89 74 17 141 50 138 55 25 45 137 39 108 145 91 52 53 42 133 11 23 117 32 66 125 96 104 92 115 110 123 130 142 68 31 126 51 35 99 37 34 60 22 100 76 132 15 4 7 88 121 38 95 58 10 14 83 6 40 13 106 56 120 78 29 77 79 129 147 94 93 48 146 143 102 62 87 71 128 9 33 97 59 112 81 0 47 65 116 86 16 144 26 72 20 75 30 2 63 111 61 139 135 148 124 43 122 149 114 21 70 73 44 12 3 105 103 127 90 67 118 134 
111 63 73 144 122 12 71 30 105 146 48 143 43 70 26 79 128 13 44 90 114 127 149 121 20 118 67 77 3 14 76 22 132 37 31 130 58 103 78 15 116 124 40 87 66 100 120 148 21 56 110 93 115 104 61 38 133 139 42 51 9 108 53 59 112 2 137 32 11 91 125 65 45 23 50 34 126 92 129 95 117 16 62 52 47 68 89 88 29 19 60 35 123 7 72 55 147 83 138 39 24 145 10 33 6 46 75 25 82 119 109 140 86 97 0 102 80 96 41 74 36 1 8 27 28 57 4 54 85 99 106 64 5 94 142 18 17 134 49 107 81 141 69 98 84 131 113 101 136 135 
49 69 134 131 101 107 54 85 57 113 64 28 98 18 80 84 140 1 109 141 17 82 36 24 74 5 46 19 8 41 119 27 89 25 55 50 145 45 138 137 91 39 53 108 52 96 133 42 142 32 125 11 99 23 117 123 92 104 66 4 110 51 34 130 115 68 31 126 7 35 88 37 106 60 132 76 22 95 15 6 83 100 94 58 121 29 14 10 38 120 78 102 81 13 40 77 97 33 79 56 62 93 0 129 9 87 147 112 47 86 48 146 71 143 128 72 75 59 65 116 20 144 2 16 26 61 30 63 148 111 124 139 135 43 149 114 21 122 70 73 44 3 12 105 103 127 90 67 118 136 
45 133 53 91 89 108 50 19 42 24 66 104 32 130 55 110 31 76 82 132 140 125 37 109 22 15 145 46 51 121 80 11 25 58 14 52 115 138 92 13 23 119 57 79 74 77 54 100 34 28 78 39 117 120 85 123 41 1 64 48 71 146 36 49 143 134 95 40 107 8 126 87 93 88 128 18 38 96 69 27 17 7 68 56 144 141 131 9 5 83 20 29 84 98 35 112 60 6 26 63 136 101 113 62 30 111 99 116 142 47 4 135 129 33 2 43 61 10 59 148 102 124 97 72 149 114 106 122 0 147 65 70 86 75 73 21 94 16 44 139 12 3 105 81 127 103 90 67 118 137 
39 119 52 46 41 23 117 11 8 27 36 109 50 19 1 42 108 5 68 80 126 24 35 28 115 60 18 66 85 100 137 98 140 45 133 107 38 89 10 37 31 113 57 134 69 53 130 22 56 40 129 54 91 101 49 147 82 55 59 76 136 64 65 104 16 32 121 128 116 132 110 25 131 143 145 48 146 74 13 125 15 79 26 71 14 51 58 139 17 144 84 30 77 92 141 78 34 123 120 96 111 63 135 122 95 87 93 88 7 20 73 9 83 142 29 99 112 6 43 62 4 12 114 70 149 47 33 124 61 148 2 105 106 102 44 97 72 0 94 3 21 86 75 127 90 81 103 67 118 138 
116 59 65 16 56 129 40 38 26 147 128 100 30 10 126 115 60 68 35 143 122 146 48 37 144 117 22 23 11 31 73 66 71 135 52 42 130 111 39 13 121 79 108 76 12 63 138 50 133 132 105 119 137 14 46 77 41 43 19 27 15 53 70 45 8 58 104 110 91 90 109 36 20 24 44 78 5 114 89 118 127 149 1 67 80 32 120 3 51 28 87 140 18 125 55 93 124 85 103 82 98 148 92 57 107 34 145 21 113 134 54 25 61 9 69 112 49 95 101 123 2 74 88 64 7 62 29 47 136 83 131 96 6 17 72 33 141 84 75 97 102 0 86 99 4 142 106 94 81 139 
57 24 82 54 80 89 109 19 85 64 49 28 134 55 45 107 69 74 25 46 50 131 137 1 91 53 145 18 136 17 119 84 108 133 141 36 101 41 98 113 138 32 8 42 125 27 104 5 52 39 66 110 92 11 96 51 123 23 130 34 31 117 132 76 15 37 115 142 22 99 7 58 121 88 95 14 4 100 126 83 120 68 78 6 13 77 79 29 35 60 106 93 38 40 87 9 62 48 56 71 146 112 102 33 143 94 97 128 47 10 0 129 81 86 20 144 72 75 147 2 26 116 59 63 61 30 111 148 65 124 135 16 43 149 114 21 122 139 70 73 44 3 12 105 103 127 90 67 118 140 
17 84 74 64 131 25 82 54 142 145 96 55 57 99 140 49 136 4 134 89 123 85 69 24 80 107 125 106 92 45 91 28 32 7 34 53 109 19 94 6 101 88 83 137 51 95 81 18 104 1 113 29 50 102 133 98 110 46 97 33 0 108 36 119 62 86 41 15 120 8 42 47 132 138 9 58 75 5 93 112 72 78 27 66 76 130 14 87 52 31 39 77 121 11 23 22 37 2 13 79 117 115 61 20 100 148 71 126 48 68 124 146 143 35 40 38 21 60 128 144 63 56 149 114 43 111 10 26 30 135 70 129 3 44 116 103 147 59 122 127 65 105 73 12 16 67 139 90 118 141 
99 4 96 106 94 81 123 17 6 141 74 7 145 25 83 102 88 97 0 84 92 29 34 33 95 55 86 125 82 64 62 75 32 51 47 72 89 131 91 9 140 54 112 104 110 53 45 57 93 120 49 137 24 87 15 2 78 58 133 136 134 19 80 132 85 14 69 61 109 50 77 28 107 108 76 148 121 130 46 20 101 124 13 42 79 1 66 18 21 31 113 98 119 22 36 37 41 138 11 71 149 8 52 114 27 43 48 5 146 23 39 115 63 143 3 103 70 100 117 144 44 111 128 135 40 127 126 38 68 30 26 56 105 35 67 12 60 118 122 90 73 116 129 10 59 147 65 16 139 142 
48 146 128 144 71 30 26 22 37 13 79 111 135 31 121 122 130 76 63 40 73 100 66 116 132 56 14 115 77 38 12 15 42 43 58 133 20 105 108 11 70 78 110 104 139 59 114 23 137 44 149 53 126 120 50 117 65 91 129 87 45 127 52 90 68 32 51 3 93 16 118 67 124 35 60 89 125 19 39 148 138 103 147 10 21 61 24 9 92 34 46 112 119 55 2 95 109 145 82 123 41 88 80 140 62 25 7 47 29 8 27 36 83 1 28 72 6 74 57 85 33 5 54 96 18 75 64 107 134 97 49 102 86 0 69 98 17 4 99 113 141 101 131 142 106 84 136 94 81 143 
146 48 143 71 30 111 135 128 122 26 63 73 79 13 121 22 12 76 37 31 43 130 77 105 14 132 40 70 116 20 100 66 58 114 15 44 56 149 78 115 90 127 38 110 3 133 42 118 67 104 120 87 139 108 124 11 59 137 53 93 103 148 51 23 91 32 21 50 65 126 45 61 117 129 125 52 9 68 16 112 89 2 92 34 60 19 35 95 39 138 147 24 10 55 62 46 88 47 123 145 119 29 7 109 82 25 83 140 72 80 41 6 33 75 8 27 36 74 1 96 28 97 57 86 102 0 54 85 5 64 18 134 4 107 49 99 17 69 106 98 142 141 94 113 131 84 101 81 136 144 
25 55 74 125 82 123 32 92 96 89 91 34 51 53 45 17 104 7 140 141 64 88 110 99 137 95 142 83 4 6 24 133 84 54 29 57 19 15 106 120 50 58 132 80 62 131 108 102 33 78 49 109 93 9 97 94 14 112 76 85 0 47 87 134 130 28 77 42 86 121 66 46 81 72 69 75 107 31 136 13 79 1 22 2 37 119 138 18 11 20 61 41 36 101 52 98 148 113 115 23 71 39 8 124 48 146 27 100 117 143 5 21 63 144 149 128 114 43 40 111 126 38 68 70 56 135 26 30 3 44 35 60 103 116 127 122 105 129 12 73 10 59 67 90 147 118 65 16 139 145 
48 143 71 144 128 30 13 79 26 22 121 111 37 135 31 76 63 130 122 132 14 73 40 77 66 100 116 115 15 12 58 43 56 20 42 38 133 78 105 70 110 104 108 114 11 149 44 137 120 53 87 23 91 139 59 50 127 45 51 32 90 3 126 93 117 124 52 67 118 65 129 68 125 148 89 103 19 16 21 61 9 35 60 92 138 112 39 34 24 55 147 2 95 46 10 119 109 145 88 123 62 82 25 140 47 7 29 80 41 83 72 6 36 8 27 1 28 74 33 57 96 54 85 75 5 97 102 18 64 86 0 134 107 49 69 17 4 98 99 141 106 142 113 131 101 84 94 136 81 146 
10 129 16 60 65 35 59 68 126 38 56 117 139 23 40 100 116 115 11 39 52 138 42 37 128 66 119 26 27 41 22 8 31 108 46 50 5 36 143 30 130 48 146 19 1 109 133 144 137 71 24 76 80 122 18 121 28 45 13 98 53 79 89 132 91 85 135 73 113 111 107 140 14 104 69 134 63 15 57 101 110 77 58 82 32 54 49 12 55 78 125 51 136 43 105 25 145 20 64 120 70 92 131 74 87 114 34 44 93 149 90 123 127 17 118 95 84 3 67 9 124 141 88 112 148 7 96 61 103 21 29 83 62 2 6 47 99 142 33 4 72 102 97 75 0 106 86 94 81 147 
124 61 21 2 20 87 149 93 112 9 114 103 3 120 78 43 44 47 70 77 62 58 72 14 127 15 95 63 29 75 51 79 67 132 88 33 34 13 110 83 118 7 105 121 90 111 86 92 104 6 76 0 97 71 125 135 32 102 123 12 144 48 146 130 143 73 91 53 133 22 31 122 145 96 106 37 30 137 4 45 94 55 128 81 66 25 89 99 26 108 42 142 82 74 50 100 115 40 19 24 140 11 116 17 56 38 141 23 64 109 52 80 46 54 57 117 84 138 126 119 39 139 59 28 68 85 49 131 129 41 134 1 65 35 60 36 107 69 8 16 18 27 136 10 147 5 98 101 113 148 
114 3 43 44 70 20 103 124 127 21 148 63 67 105 118 61 90 111 87 77 12 78 135 14 79 93 2 120 58 13 71 9 112 15 144 121 73 132 48 146 76 122 143 110 47 51 62 30 104 95 72 130 34 128 22 29 26 31 32 88 92 125 37 75 7 33 83 133 53 123 91 6 66 86 97 0 137 102 45 40 42 108 100 145 115 116 89 55 56 50 96 25 38 11 4 106 19 94 82 23 24 99 81 139 74 52 59 142 117 140 126 138 65 109 46 68 129 39 80 119 17 16 35 60 64 57 54 141 147 41 28 10 85 84 1 36 49 134 8 27 131 107 69 18 5 98 136 101 113 149 