1
100
7910
1 1.43775e+02 8.62630e+02
2 8.81780e+02 1.18319e+00
3 5.45244e+02 7.35005e+02
4 5.02813e+02 8.76001e+02
5 2.04876e+02 3.45225e+02
6 7.01637e+02 5.76987e+02
7 1.47167e+02 1.64286e+02
8 1.35382e+02 8.07910e+02
9 6.28999e+02 9.76971e+02
10 6.74999e+02 7.31447e+02
11 3.13696e+02 2.99126e+02
12 4.45689e+02 9.81970e+02
13 3.54793e+02 7.65215e+02
14 3.98129e+02 9.76034e+02
15 2.73041e+02 8.53944e+02
16 6.66295e+02 3.12270e+02
17 8.76942e+02 9.25390e+02
18 1.34026e+02 9.49816e+02
19 9.66825e+02 7.26799e+02
20 6.59346e+02 8.89080e+02
21 4.00340e+02 8.74489e+02
22 1.18041e+02 3.12040e+02
23 8.09870e+02 5.08555e+01
24 1.62821e+01 1.14161e+02
25 1.26192e+01 4.82407e+01
26 6.50039e+02 9.40261e+02
27 7.91189e+02 7.58951e+02
28 9.07194e+02 6.12605e+02
29 5.10857e+02 2.58629e+01
30 3.16366e+01 4.31221e+02
31 7.76763e+02 2.53781e+02
32 5.31819e+02 9.06890e+02
33 6.54965e+02 7.67759e+02
34 1.86060e+02 2.06527e+02
35 5.64595e+02 2.99685e+00
36 4.10816e+02 4.37921e+02
37 9.30189e+02 6.39817e+02
38 9.41392e+02 8.89979e+02
39 3.41538e+02 3.94141e+01
40 1.62622e+02 9.51969e+01
41 1.07558e+02 2.62746e+02
42 8.26398e+01 1.31129e+02
43 4.30137e+01 7.79010e+01
44 5.54450e+02 9.97819e+01
45 6.08618e+02 2.27863e+02
46 8.89589e+02 7.60960e+02
47 5.59461e+02 5.08125e+02
48 1.36027e+01 5.08467e+02
49 4.02567e+02 8.39178e+02
50 8.86156e+02 7.64310e+02
51 8.46462e+01 6.29068e+02
52 4.86783e+02 2.59062e+02
53 6.47516e+02 5.53517e+02
54 9.67650e+02 8.24246e+02
55 2.36623e+02 1.52397e+00
56 8.79518e+02 7.37584e+02
57 5.09840e+02 4.20787e+02
58 9.36134e+02 3.03893e+02
59 8.72343e+02 4.99018e+02
60 1.42996e+02 8.40984e+02
61 2.33102e+02 3.03929e+02
62 1.99819e+02 9.37721e+02
63 3.02123e+02 8.47440e+02
64 3.65531e+02 5.66229e+02
65 1.07593e+02 5.49471e+02
66 8.02657e+02 3.44868e+02
67 3.19486e+02 8.13104e+02
68 3.24542e+00 7.01539e+02
69 1.80027e+02 7.66307e+02
70 9.77601e+02 9.68843e+02
71 1.46301e+01 8.42383e+02
72 9.22626e+02 9.54285e+02
73 8.96272e+02 7.89067e+02
74 6.67952e+02 9.06108e+02
75 4.25058e+02 8.69541e+02
76 8.65918e+02 3.69610e+02
77 8.98572e+02 5.39108e+02
78 6.21689e+02 8.78159e+02
79 6.73730e+02 6.13117e+02
80 8.92979e+01 4.91923e+02
81 1.47858e+02 4.59840e+02
82 4.28293e+02 9.05370e+02
83 5.17499e+01 6.36336e+02
84 8.26458e+02 2.31701e+02
85 4.26249e+02 9.46357e+02
86 3.16069e+02 8.53389e+02
87 2.75713e+02 9.73754e+02
88 8.35293e+02 2.47974e+02
89 9.70187e+02 6.35213e+01
90 1.23616e+02 6.44170e+02
91 2.26668e+02 5.62456e+02
92 8.08920e+02 7.91390e+02
93 9.42256e+02 5.31023e+02
94 7.05831e+02 4.55757e+02
95 8.56231e+02 5.09763e+02
96 3.52477e+02 1.16433e+00
97 3.08882e+02 8.42792e+02
98 7.50979e+02 3.94934e+02
99 6.10775e+02 5.84408e+02
100 4.83637e+02 1.16325e+02
EOF

59 7 17 61 68 14 70 62 96 86 85 66 67 89 12 50 82 20 48 13 74 81 84 90 64 11 3 63 79 47 31 80 2 29 77 8 35 25 19 32 4 73 98 46 9 21 60 56 78 10 52 40 5 26 33 91 51 93 6 41 16 55 49 45 72 15 23 97 39 71 44 42 94 37 27 58 36 99 76 24 53 18 65 69 38 92 43 54 75 30 95 28 87 83 34 57 22 1 88 0 
22 88 83 87 30 57 34 43 65 44 75 28 15 99 97 51 93 58 94 95 92 76 38 56 52 46 5 27 36 10 35 98 54 78 60 33 39 18 55 6 4 9 45 26 49 63 72 91 32 2 41 40 21 53 42 90 80 24 23 37 19 77 16 12 73 79 64 3 29 71 48 25 31 69 74 66 89 20 47 8 81 50 96 85 62 68 82 14 84 11 13 7 59 67 0 86 61 17 70 1 
32 9 3 77 98 31 48 78 74 19 12 20 81 52 73 5 46 25 66 84 26 63 8 85 96 11 62 91 13 14 56 93 35 55 49 45 72 86 90 68 16 27 94 36 97 61 58 76 7 59 0 18 37 89 53 71 15 92 17 65 50 64 51 80 75 69 10 82 44 4 79 60 30 70 67 87 83 47 57 29 21 99 43 33 40 6 28 38 34 22 39 95 41 88 54 1 23 42 24 2 
31 74 81 20 84 48 77 11 13 2 19 25 8 73 12 32 85 66 96 62 9 14 86 61 26 98 78 91 63 68 52 0 5 59 46 7 17 16 49 55 72 45 90 71 37 89 35 56 93 53 27 69 50 18 36 70 94 82 64 76 58 67 97 80 92 79 15 10 4 65 47 51 75 60 29 44 30 21 87 57 83 40 33 99 43 6 28 38 39 41 34 22 95 23 54 42 88 1 24 3 
60 21 10 40 80 33 79 6 29 90 35 64 41 47 39 63 51 23 50 89 42 56 82 38 54 24 99 95 46 67 44 68 43 28 12 15 7 98 66 52 34 59 96 62 14 93 2 85 0 48 70 78 5 97 20 74 30 61 65 81 9 3 17 32 83 86 87 84 31 13 75 94 22 77 11 58 19 26 76 73 57 25 27 91 1 92 8 55 36 49 45 88 72 18 16 53 37 71 69 4 
78 52 98 93 9 46 94 58 97 32 76 26 27 2 36 55 91 92 56 65 45 49 75 15 72 18 77 19 35 73 30 63 87 3 57 44 53 25 83 31 51 16 37 12 48 74 8 20 81 71 66 84 85 96 90 10 11 69 62 43 13 14 99 22 60 4 68 80 88 86 89 28 34 64 1 7 59 61 79 50 0 33 21 38 82 40 95 17 29 6 47 67 39 70 54 41 42 23 24 5 
33 39 41 40 42 23 21 60 24 54 4 10 38 95 29 80 79 99 51 47 35 64 28 90 43 56 34 63 44 50 89 82 46 15 67 68 98 93 52 12 30 7 97 66 22 59 65 83 5 70 78 87 2 0 96 14 62 85 48 75 1 20 74 9 61 17 32 94 81 3 58 57 86 88 84 31 76 13 77 11 92 26 27 19 73 91 36 25 55 8 45 49 72 18 53 16 37 71 69 6 
59 0 68 70 17 14 61 89 67 62 96 66 50 85 82 86 12 64 90 48 20 74 81 13 79 84 47 63 80 11 3 29 31 2 35 4 77 21 60 46 32 8 98 19 25 10 56 73 9 40 52 78 33 5 6 51 26 93 91 41 23 39 15 42 97 55 44 16 49 45 72 24 99 94 27 38 58 71 76 37 36 65 54 43 53 18 95 30 75 92 69 28 87 83 34 57 22 1 88 7 
25 73 19 77 31 3 11 84 32 81 13 74 9 20 16 2 91 48 26 71 37 72 49 85 45 12 55 96 69 66 62 86 78 53 14 98 5 18 52 61 36 27 46 63 17 68 0 59 76 94 7 93 58 92 56 90 35 97 89 70 50 75 65 15 82 64 67 80 79 51 30 57 10 44 87 4 83 47 60 29 21 99 43 40 33 22 6 28 88 34 38 39 41 1 95 54 23 42 24 8 
32 78 26 2 91 77 5 19 98 73 52 55 25 49 45 3 31 72 8 46 27 36 93 16 74 94 18 48 76 81 58 53 20 37 12 84 71 92 11 97 63 56 66 13 85 96 69 62 35 65 75 15 14 86 90 30 68 57 44 51 87 61 83 59 7 0 89 10 17 80 64 50 4 60 82 79 43 99 70 67 22 21 47 29 33 28 88 40 34 1 38 6 95 39 41 54 23 42 24 9 
60 4 33 35 51 21 40 6 56 80 99 39 38 63 90 41 79 95 44 54 29 43 46 64 28 23 42 15 47 34 24 89 50 98 52 93 82 97 30 12 5 78 68 65 2 67 66 83 87 7 96 48 62 85 22 14 75 9 59 32 74 20 94 0 58 3 81 70 57 76 1 31 61 77 84 26 92 27 17 86 13 19 11 88 91 73 36 55 25 45 49 8 72 18 53 16 37 71 69 10 
84 13 81 31 74 20 3 48 86 8 85 96 62 77 25 66 14 19 12 73 61 2 32 17 0 59 9 68 7 91 26 63 98 78 16 70 89 90 52 71 5 46 72 49 45 55 37 50 67 82 69 35 53 64 56 18 93 27 36 80 79 94 76 47 58 97 92 4 29 10 15 60 51 65 75 21 44 40 30 33 87 57 83 99 6 43 41 39 38 28 23 95 34 42 22 54 24 88 1 11 
66 48 96 85 62 20 14 74 81 68 3 2 84 63 13 86 7 59 31 0 61 11 90 89 17 77 32 50 98 9 64 19 46 82 35 25 73 8 70 78 67 52 80 56 79 5 47 26 4 91 29 10 93 60 21 51 55 49 45 72 97 16 15 40 94 27 58 33 36 76 44 71 37 18 65 53 92 6 75 69 99 30 41 43 39 87 83 38 23 57 42 28 95 54 34 24 22 1 88 12 
84 11 81 20 74 86 48 3 85 31 62 96 14 66 61 12 8 77 25 17 19 0 73 2 59 68 7 32 9 70 63 89 98 90 26 91 78 50 16 67 82 52 46 5 64 71 49 72 45 55 35 37 56 79 80 69 53 93 47 18 27 36 94 29 4 76 58 97 10 60 92 15 21 51 65 75 40 44 33 30 87 6 83 57 99 43 41 39 38 23 28 42 95 34 54 24 22 88 1 13 
62 96 85 66 61 86 12 68 20 0 48 59 7 74 81 17 13 84 11 3 89 70 31 50 90 2 63 67 82 64 77 8 25 19 32 73 79 80 9 47 98 35 46 78 52 29 56 5 4 26 91 60 10 21 93 16 40 55 49 45 72 51 33 71 97 15 37 94 27 36 53 58 76 6 18 44 69 65 92 41 75 39 99 23 30 43 42 38 87 83 24 54 95 28 57 34 22 1 88 14 
44 97 30 65 93 83 87 51 56 75 46 43 52 5 99 57 94 58 98 35 22 78 76 28 34 92 10 1 27 88 63 9 36 38 60 2 95 32 4 26 55 33 91 45 49 90 18 72 54 80 6 21 39 12 40 77 19 3 48 53 73 79 64 74 66 31 41 20 25 89 81 37 96 85 29 62 16 50 68 8 42 14 84 23 47 71 82 11 24 13 7 69 59 0 86 67 61 17 70 15 
71 37 69 53 72 91 49 45 26 55 73 18 19 25 8 77 32 9 36 27 31 78 3 2 76 5 92 94 58 98 11 52 81 84 74 20 13 48 93 46 97 12 75 85 66 96 62 65 86 14 56 57 63 15 35 61 30 87 83 68 0 59 17 90 44 7 51 89 10 50 64 80 70 88 82 22 43 4 60 79 99 67 1 47 28 34 21 29 33 40 38 6 95 39 41 54 23 42 24 16 
61 0 59 7 86 70 14 68 62 96 85 66 13 20 67 12 48 84 81 74 89 11 82 50 3 90 31 64 63 47 79 2 80 77 8 25 19 29 73 32 35 9 98 4 46 78 21 52 56 60 10 5 26 40 91 16 33 93 49 55 51 45 72 6 71 37 41 97 15 53 23 27 69 94 36 39 18 44 58 76 42 65 99 24 92 38 75 30 43 54 95 87 28 83 57 34 22 1 88 17 
45 55 49 36 72 53 27 37 91 26 92 76 16 71 69 94 58 9 5 78 32 19 73 52 75 93 77 25 98 97 65 8 2 57 46 31 3 87 30 15 83 56 74 81 48 11 84 20 12 44 13 63 35 66 85 88 96 51 62 22 14 1 86 43 90 99 10 68 61 34 59 0 7 28 60 89 4 80 17 64 50 79 82 38 33 21 95 70 67 40 47 29 6 39 54 41 42 23 24 18 
73 77 25 8 32 31 3 9 91 26 2 16 81 11 74 84 72 20 49 48 45 55 71 13 78 37 98 5 53 69 12 52 85 18 66 96 62 36 27 14 86 46 76 94 93 63 58 92 61 56 68 97 35 0 59 17 7 90 75 65 15 89 50 30 70 57 64 51 82 44 87 80 83 67 10 79 4 60 47 29 21 99 43 33 40 22 28 88 6 34 38 1 39 95 41 54 23 42 24 19 
74 48 81 84 85 96 3 13 62 66 11 12 14 31 86 2 61 77 68 8 0 25 19 59 73 7 32 17 9 63 90 98 89 78 70 46 50 52 26 91 82 5 67 35 64 56 16 80 79 49 55 45 72 93 71 47 37 4 53 27 29 36 10 94 18 69 97 60 76 58 51 15 21 92 65 40 44 75 33 30 6 87 99 83 57 43 41 39 38 23 28 42 95 34 54 24 22 88 1 20 
40 4 60 33 29 6 80 79 41 10 39 47 23 64 42 90 24 35 50 82 54 89 38 63 51 95 67 56 99 68 46 43 28 7 44 12 59 66 70 34 15 0 98 14 96 62 85 52 48 2 93 20 61 78 74 17 97 5 30 81 86 3 65 9 32 84 83 87 13 31 22 11 75 77 94 58 19 26 73 76 57 25 1 8 91 27 92 55 36 88 49 45 72 18 16 53 37 71 69 21 
1 88 83 87 30 34 43 44 57 65 15 28 75 99 97 51 93 58 95 94 38 56 76 92 46 52 5 10 35 98 27 54 78 36 60 33 39 6 4 63 55 9 18 26 45 49 41 32 2 40 21 91 72 42 90 80 53 23 24 79 12 77 37 19 64 29 73 16 3 48 31 25 74 66 89 71 47 20 50 69 81 96 85 8 62 68 82 14 84 11 13 7 59 67 0 86 61 70 17 22 
42 24 41 6 39 40 33 21 54 60 4 29 38 10 95 80 79 47 64 99 51 90 28 35 50 82 43 89 34 63 56 67 44 46 68 15 7 70 12 59 98 0 66 52 93 30 14 96 62 97 22 85 2 83 65 48 78 5 87 17 61 20 74 1 75 81 86 9 3 32 84 94 57 58 13 31 88 11 77 76 19 26 92 27 73 25 91 36 8 55 49 45 72 18 16 53 37 71 69 23 
42 23 41 39 6 54 33 40 21 38 60 95 4 29 10 80 79 47 99 28 64 51 43 34 35 90 50 82 89 56 44 63 67 15 46 68 7 30 12 70 22 59 98 93 52 97 66 0 83 65 14 87 96 62 85 2 5 1 78 48 61 17 75 20 74 9 81 57 88 3 86 94 32 58 84 31 13 76 11 77 92 26 27 19 73 91 36 25 55 8 45 49 72 18 16 53 37 71 69 24 
73 8 19 77 31 3 32 11 9 91 81 84 16 2 26 74 13 20 48 71 72 49 37 45 55 78 69 53 12 85 66 96 98 62 5 86 18 14 52 36 27 46 61 63 76 94 93 58 68 92 0 17 59 7 56 97 35 90 89 75 65 15 70 50 64 82 67 80 30 57 51 44 87 79 10 83 4 60 47 29 21 99 43 33 40 22 6 28 88 34 38 1 39 95 41 54 23 42 24 25 
91 55 49 45 72 9 32 18 36 19 16 27 78 53 73 37 5 77 25 71 76 2 52 98 94 8 58 92 69 31 3 93 46 97 74 81 75 48 20 84 11 65 12 56 13 15 63 66 57 85 96 62 35 30 87 14 83 86 44 51 90 68 61 59 0 7 10 89 17 43 22 80 99 64 4 50 88 60 82 79 1 70 28 34 67 21 47 33 29 40 38 95 6 39 54 41 23 42 24 26 
36 76 92 94 58 55 18 45 49 72 26 91 5 53 78 75 93 9 52 97 37 65 32 98 57 16 71 46 69 19 87 73 2 30 15 83 77 25 56 8 31 3 44 35 63 74 51 48 88 81 22 20 12 84 11 1 66 43 13 85 96 62 99 10 14 90 34 28 86 60 68 4 80 61 89 7 59 64 0 38 50 95 79 33 17 21 82 40 6 29 47 39 54 67 70 41 42 23 24 27 
34 43 99 95 38 44 51 54 22 15 10 30 39 1 33 83 6 60 87 56 35 65 97 41 4 88 40 42 93 46 21 75 24 23 57 52 63 80 98 5 58 94 90 78 29 79 76 64 92 47 27 2 9 89 50 36 12 32 82 26 55 66 68 48 91 45 49 18 96 67 62 74 3 85 72 20 77 14 7 19 31 81 59 73 0 53 84 25 70 13 8 11 61 37 16 86 17 71 69 28 
47 79 80 64 21 40 4 50 82 89 90 60 67 33 6 41 10 23 42 63 39 68 35 24 7 70 59 0 12 54 56 66 14 51 62 96 38 85 17 46 61 95 48 99 20 74 86 2 98 44 81 43 28 52 15 3 84 13 78 93 34 5 11 31 32 9 97 77 30 65 19 73 25 8 83 87 26 94 75 58 91 22 76 27 55 57 92 49 45 36 72 1 16 18 88 53 37 71 69 29 
83 87 65 15 97 75 57 44 22 93 58 94 43 88 1 51 76 56 92 99 52 34 5 46 28 98 78 27 35 36 10 38 9 95 55 26 18 63 45 49 32 2 91 60 72 4 33 54 53 90 39 6 77 19 37 21 73 80 12 40 16 3 48 25 31 41 74 71 66 20 79 64 8 81 69 96 42 85 62 89 29 23 84 14 50 68 24 11 47 13 82 7 59 86 0 67 61 17 70 30 
3 77 81 74 84 11 8 25 19 20 73 48 13 2 32 85 9 12 66 96 62 14 86 26 91 78 98 61 16 5 52 63 68 49 72 45 55 0 59 71 17 46 7 37 53 69 90 18 27 36 35 93 89 56 94 76 70 50 58 82 64 92 97 67 80 79 15 65 75 10 51 4 47 60 44 29 30 21 87 57 83 40 33 99 43 6 28 38 39 41 22 34 95 23 88 54 42 1 24 31 
9 2 77 19 26 73 78 91 25 31 3 98 5 8 52 55 49 45 72 74 48 81 16 20 46 84 27 11 12 36 37 18 93 53 71 94 13 76 66 58 85 63 96 62 92 56 69 97 14 35 86 65 75 15 68 90 61 59 0 7 30 51 44 57 89 87 17 83 10 50 64 80 4 82 60 79 70 67 99 43 47 21 29 33 22 40 28 34 88 6 38 1 95 39 41 54 23 42 24 32 
6 40 60 39 21 41 4 10 42 23 54 38 24 80 95 29 79 51 99 35 47 64 90 28 43 56 63 44 34 50 89 82 46 15 67 68 98 93 52 12 30 97 7 66 65 5 78 59 2 83 22 96 62 87 14 0 70 85 48 75 20 74 9 1 32 61 94 81 3 17 58 57 86 84 31 76 88 13 77 11 26 92 27 19 73 91 36 25 55 8 49 45 72 18 53 16 37 71 69 33 
28 43 99 95 38 44 22 51 1 15 30 54 83 87 10 88 39 65 56 33 97 6 60 35 93 75 57 4 41 46 40 42 21 24 52 23 98 58 94 5 63 80 78 76 92 90 79 29 27 64 2 36 9 47 32 89 26 50 12 55 82 45 91 49 18 66 48 72 68 3 77 74 96 62 85 20 19 67 14 31 73 7 81 53 59 25 84 0 37 16 8 11 13 61 70 86 71 17 69 34 
56 63 46 10 51 90 60 4 98 52 80 15 44 93 78 21 5 33 64 2 79 99 12 97 40 89 43 50 29 6 66 9 48 68 47 65 38 30 32 82 96 39 28 62 85 74 20 14 95 3 41 94 75 7 34 83 87 58 81 54 31 59 67 77 26 76 0 84 23 19 42 27 91 73 13 92 57 61 11 86 22 25 55 24 36 70 49 45 8 17 72 18 1 88 16 53 37 71 69 35 
27 18 76 92 55 45 49 94 58 72 26 53 91 5 37 78 9 75 16 93 52 97 32 71 65 98 69 57 19 73 77 46 2 87 25 30 15 83 8 56 31 3 44 74 35 48 81 63 88 20 51 12 84 11 22 13 66 1 85 96 43 62 99 14 10 90 34 86 28 68 60 4 61 80 89 7 59 0 64 38 50 17 79 33 95 21 82 40 6 29 47 67 70 39 54 41 42 23 24 36 
71 53 16 69 72 49 45 55 18 91 26 36 73 27 19 25 9 32 77 8 76 92 78 94 5 58 31 2 3 52 98 93 11 81 74 84 75 97 46 20 48 13 65 57 12 85 66 96 56 15 62 87 30 63 83 14 86 35 44 61 68 51 90 0 59 7 17 88 22 89 10 43 1 50 99 64 80 4 60 82 70 79 67 34 28 47 21 29 33 38 40 95 6 39 54 41 23 42 24 37 
95 54 99 28 39 43 34 33 6 10 51 41 60 42 40 44 24 23 4 21 35 56 15 80 22 30 29 46 79 83 63 87 90 1 97 65 93 64 47 52 98 75 88 50 89 5 57 78 82 94 58 2 12 67 68 76 9 66 92 32 7 48 96 27 62 85 14 59 74 20 36 0 26 3 70 81 55 77 91 31 45 19 49 61 84 73 18 72 17 86 13 11 25 8 53 16 37 71 69 38 
6 41 33 54 42 23 24 40 38 95 60 21 4 10 99 28 29 51 80 43 79 34 35 47 64 44 90 56 63 50 15 89 82 46 67 30 22 93 97 98 52 68 83 65 87 12 7 5 1 78 66 2 59 75 70 96 62 14 0 85 48 57 88 94 20 9 58 74 32 61 3 81 17 76 86 84 31 92 27 77 13 26 11 19 36 91 73 55 25 45 49 8 72 18 53 16 37 71 69 39 
21 33 6 4 60 41 23 39 29 42 80 10 79 24 47 64 54 38 90 35 95 50 82 51 89 63 99 56 67 28 43 44 68 46 34 7 12 15 59 70 66 98 0 52 14 96 62 85 93 2 48 97 78 30 5 20 61 74 17 65 81 83 87 3 86 22 9 32 84 75 13 31 94 11 58 77 1 57 19 76 26 73 25 27 92 91 8 88 36 55 49 45 72 18 16 53 37 71 69 40 
42 23 6 39 24 33 40 21 54 60 4 38 10 95 29 80 79 47 99 64 51 28 35 90 43 50 34 82 89 56 63 44 67 46 15 68 7 12 98 93 30 52 59 70 97 66 22 0 14 96 62 65 83 85 2 87 5 78 48 20 1 74 61 75 17 9 81 3 32 94 86 57 58 84 88 31 13 76 77 11 26 92 19 27 73 91 25 36 55 8 49 45 72 18 16 53 37 71 69 41 
24 23 41 39 6 33 40 54 21 60 38 4 95 10 29 80 79 47 99 28 64 51 43 35 90 34 50 82 89 56 44 63 67 15 46 68 7 12 30 98 93 70 22 52 59 97 66 0 83 65 14 87 96 62 85 5 2 78 1 48 20 75 61 17 74 9 81 3 57 94 32 86 88 58 84 31 13 76 77 11 92 26 27 19 73 91 36 25 55 8 49 45 72 18 53 16 37 71 69 42 
99 28 34 44 51 38 95 15 22 30 83 10 87 56 54 1 65 97 35 60 33 93 39 46 6 75 88 4 57 52 41 40 21 98 5 63 94 58 42 78 23 80 24 76 90 92 79 29 27 64 2 9 36 32 47 89 12 26 50 55 82 91 45 49 18 66 48 68 72 3 74 77 96 62 20 85 19 14 31 73 81 67 7 53 25 59 84 0 8 37 16 11 13 61 86 70 71 17 69 43 
15 51 43 99 30 56 83 97 28 65 87 34 93 22 46 35 75 10 38 52 57 95 1 98 5 94 58 60 78 88 63 4 33 76 54 92 39 6 27 21 40 9 90 2 80 36 41 32 26 55 79 42 12 64 91 23 45 49 29 18 24 72 89 48 77 66 3 47 50 19 74 20 73 31 96 68 62 82 85 53 81 14 25 37 84 16 7 8 67 59 11 13 0 71 86 61 69 70 17 44 
49 55 72 18 91 26 53 36 37 27 16 71 9 76 69 32 92 94 78 5 19 58 73 77 25 52 98 8 2 93 31 97 75 3 46 65 57 74 81 48 11 84 15 20 56 87 30 83 12 13 63 66 35 85 96 62 44 14 51 86 90 88 68 61 22 10 43 59 0 7 1 99 89 17 60 4 80 64 50 34 28 79 82 70 67 21 33 38 47 29 40 95 6 39 54 41 23 42 24 45 
98 52 56 78 93 5 35 63 97 15 2 9 51 32 44 65 94 58 10 12 30 75 90 26 76 27 48 3 77 91 87 92 83 60 74 66 4 36 19 55 20 99 31 43 73 80 49 45 81 96 85 62 57 72 25 14 64 89 84 68 18 79 8 33 21 28 11 50 13 34 40 53 38 7 22 16 82 29 59 6 37 86 0 47 95 61 39 71 67 1 54 88 41 17 69 70 23 42 24 46 
79 29 64 82 50 80 89 67 90 21 4 40 60 68 7 70 33 59 63 10 6 0 41 23 35 12 14 42 66 39 62 96 17 85 24 61 56 48 20 86 51 46 74 54 38 81 2 84 98 13 95 3 99 52 11 31 44 78 43 15 5 32 28 93 9 77 97 34 19 73 25 8 30 65 26 94 91 58 83 87 75 76 55 27 49 45 22 36 72 92 57 16 18 37 53 1 71 88 69 47 
20 74 81 66 12 85 96 62 3 84 14 13 31 11 2 86 77 61 68 0 59 19 32 8 25 7 73 63 17 9 90 98 89 78 46 52 50 70 26 5 35 82 91 64 67 56 80 79 16 55 49 93 45 72 47 4 71 37 10 29 27 60 94 36 53 97 18 58 76 51 15 69 21 92 65 44 40 75 33 30 6 99 87 83 43 57 41 39 38 28 23 95 42 34 54 24 22 88 1 48 
45 72 55 91 18 26 53 36 37 27 16 71 9 69 76 32 92 94 19 73 78 5 58 77 25 52 98 8 2 93 31 97 75 3 46 65 57 74 81 48 11 84 20 15 56 87 30 12 13 83 63 66 35 85 96 62 44 14 51 86 90 68 88 61 22 10 43 59 0 7 1 99 89 17 60 80 4 64 50 34 28 79 82 70 67 21 33 38 47 29 40 95 6 39 54 41 23 42 24 49 
82 89 64 67 79 47 90 68 80 7 29 59 70 0 63 14 66 12 4 62 96 21 85 17 61 60 40 35 48 86 20 10 74 33 81 84 13 6 2 56 3 46 41 11 23 31 98 39 51 42 52 24 32 78 77 9 5 19 38 25 93 8 54 73 99 44 15 95 97 43 26 28 91 65 94 30 34 58 55 49 45 76 27 75 72 83 87 16 36 92 18 37 71 53 57 22 69 1 88 50 
44 99 56 43 10 15 35 28 60 46 38 34 30 95 93 4 97 33 65 63 52 83 98 87 6 54 39 21 40 5 22 80 75 78 90 41 94 57 58 79 1 64 42 2 29 23 76 9 24 88 12 89 92 47 32 50 27 82 66 36 26 48 68 96 74 3 62 85 55 20 91 14 77 45 49 31 81 7 19 67 18 72 73 59 84 0 25 13 11 8 61 53 86 70 16 17 37 71 69 51 
98 5 78 46 93 9 97 56 2 94 32 58 15 26 76 65 35 27 63 75 91 36 55 92 49 45 30 77 44 51 19 72 3 73 87 12 18 83 31 48 57 74 25 20 81 66 53 10 90 8 16 96 37 85 84 62 43 99 11 14 60 71 4 13 80 68 22 69 89 64 28 34 86 79 50 7 33 59 21 88 61 0 38 1 82 40 95 29 6 47 17 67 39 54 70 41 23 42 24 52 
37 72 18 45 49 55 16 71 69 91 26 36 27 76 92 9 73 19 32 94 25 58 77 78 5 8 52 98 2 31 93 75 3 97 65 46 57 74 11 81 84 48 20 13 87 15 30 83 56 12 66 85 63 96 62 35 14 44 86 51 88 61 90 22 68 0 59 1 7 43 10 17 99 89 80 60 4 64 50 34 28 82 79 70 67 21 33 38 47 29 40 95 6 39 54 41 23 42 24 53 
38 95 39 6 41 42 33 24 23 99 28 40 60 10 34 21 43 4 51 44 80 35 29 56 79 15 47 90 64 22 63 30 46 83 1 50 87 97 89 93 82 65 52 98 75 88 67 5 78 57 68 12 2 94 58 7 66 96 59 62 9 14 76 48 85 0 70 32 92 20 74 27 3 81 61 26 36 31 17 77 84 86 91 55 19 13 11 45 49 73 25 72 18 8 53 16 37 71 69 54 
45 49 72 18 91 26 36 53 27 37 16 76 9 92 71 32 94 58 5 78 69 19 73 77 52 25 98 93 2 8 97 75 31 46 65 3 57 74 15 81 56 48 87 30 11 20 84 83 12 13 63 35 66 85 44 96 62 14 51 86 90 88 22 68 61 10 43 1 99 59 0 7 89 17 60 4 80 64 34 28 50 79 82 70 21 33 67 38 47 29 40 95 6 39 54 41 23 42 24 55 
35 46 51 15 52 98 93 63 44 10 97 5 78 60 65 99 4 30 2 90 43 9 94 75 80 87 83 58 32 12 33 28 76 21 38 34 64 79 40 48 66 26 27 57 6 89 92 95 3 74 20 96 77 50 36 85 62 22 39 91 29 68 31 55 81 19 14 54 47 82 45 49 73 41 84 72 25 7 18 59 1 11 13 8 0 42 67 23 88 86 61 53 24 16 37 17 70 71 69 56 
75 87 83 65 30 58 97 94 92 76 88 15 93 22 1 27 36 44 5 52 78 18 46 98 43 55 56 51 45 49 26 34 72 99 9 91 28 53 32 35 2 37 10 16 63 19 38 71 77 95 73 69 25 60 3 31 4 8 12 90 33 48 54 74 20 81 66 6 39 80 21 84 96 85 40 62 11 13 14 64 79 41 89 68 50 29 42 23 86 47 82 7 24 59 0 61 67 17 70 57 
94 76 92 27 75 36 97 65 93 5 57 78 52 55 18 87 30 45 49 83 26 98 15 72 91 9 46 53 32 56 44 37 2 16 19 88 22 51 77 73 71 35 69 25 1 43 63 3 31 8 99 48 74 12 34 10 28 81 20 84 66 11 90 85 96 60 62 13 4 14 38 95 80 68 33 86 89 64 21 79 50 6 7 40 61 59 54 0 39 82 29 47 17 41 67 70 42 23 24 58 
0 7 68 17 61 70 14 62 96 85 66 86 67 89 50 82 12 20 48 74 13 90 81 64 84 11 79 63 47 3 80 31 2 29 77 35 4 8 25 32 19 73 21 46 98 9 60 56 10 78 40 52 5 33 26 91 51 6 93 41 23 16 15 55 39 49 45 97 72 42 44 94 71 27 37 99 24 58 36 76 53 65 38 18 69 54 43 92 75 30 95 28 87 83 34 57 22 1 88 59 
4 10 33 21 40 6 80 39 35 41 79 29 51 90 64 38 23 63 42 47 56 54 99 95 24 50 89 82 43 44 46 28 15 34 67 68 98 12 52 93 7 66 97 2 78 5 96 59 30 62 14 85 48 0 65 70 20 74 83 87 9 32 22 3 81 61 75 17 94 58 84 86 31 13 77 57 76 11 1 26 19 27 73 92 91 25 36 88 55 8 49 45 72 18 16 53 37 71 69 60 
17 86 0 14 59 62 85 7 96 66 68 13 70 20 48 84 81 12 74 11 89 67 3 50 31 82 90 64 2 63 77 8 25 79 19 47 73 80 32 9 29 98 35 46 78 52 4 56 5 26 91 21 60 10 16 40 93 49 55 45 72 71 33 51 37 97 6 53 69 27 15 94 36 18 58 76 41 44 39 23 65 92 99 42 75 30 24 38 43 54 87 83 95 28 57 34 22 1 88 61 
96 85 14 66 12 48 20 74 86 61 81 68 0 59 84 13 7 11 17 3 31 2 89 63 70 90 50 77 82 67 8 64 19 25 32 73 9 98 79 80 35 46 78 47 52 56 5 29 26 91 4 10 60 93 21 16 55 49 45 72 40 51 71 97 37 15 27 94 33 36 53 58 76 18 69 44 6 65 92 75 41 99 30 39 23 43 87 38 83 42 57 28 54 95 24 34 22 1 88 62 
35 90 12 46 56 80 98 2 66 89 64 10 4 68 48 52 96 79 50 62 85 60 14 74 20 78 82 51 7 5 3 81 9 32 59 21 47 93 29 0 31 84 67 15 40 33 77 61 13 44 86 97 11 19 70 17 73 6 99 26 25 8 65 94 91 43 58 39 30 41 38 76 75 55 27 49 45 28 95 87 36 83 23 72 92 54 42 34 18 16 24 57 53 37 71 22 69 1 88 63 
79 50 89 80 47 82 90 29 67 4 68 21 63 7 60 40 59 70 0 35 10 12 66 14 33 62 96 85 6 61 17 48 41 56 20 23 74 46 86 39 2 42 51 81 98 84 24 3 13 52 11 31 38 54 78 99 32 5 44 9 95 93 15 77 43 19 28 97 73 25 8 34 26 65 30 91 94 58 75 83 87 76 55 27 49 45 72 36 92 16 22 57 18 37 53 71 1 69 88 64 
75 97 30 87 83 15 57 93 58 94 76 44 92 5 52 27 46 22 78 56 98 36 51 88 43 1 99 55 35 9 26 18 34 45 49 28 91 32 72 2 63 10 53 38 37 19 77 95 60 73 16 4 3 12 25 90 71 31 33 48 74 69 8 54 20 80 66 81 6 21 39 40 96 85 62 84 64 79 11 14 89 13 41 68 50 29 42 82 47 7 23 86 59 0 24 61 67 17 70 65 
96 62 85 12 14 48 20 74 81 68 86 84 61 59 13 0 7 3 11 17 31 2 63 89 90 50 70 77 82 67 64 32 19 8 25 73 9 98 35 46 80 79 78 52 47 56 5 26 29 4 91 10 60 93 21 55 16 49 45 72 51 40 97 15 94 71 27 33 37 36 58 76 53 18 44 6 65 69 92 75 99 30 41 39 43 23 87 83 38 42 57 28 95 54 24 34 22 1 88 66 
82 50 89 70 7 64 68 47 59 0 79 90 29 17 80 61 14 62 66 96 85 12 86 63 21 4 48 20 40 74 60 81 13 35 84 10 11 33 3 2 6 31 41 56 23 46 98 42 39 77 24 32 51 52 9 78 19 8 25 73 5 54 38 93 99 15 44 95 26 97 91 43 28 94 65 55 49 45 58 30 34 72 16 27 76 75 36 83 87 71 92 37 18 53 69 57 22 1 88 67 
7 59 0 14 89 62 66 96 85 50 61 12 70 82 67 17 90 86 64 48 20 74 63 81 79 13 84 47 80 3 11 29 2 31 35 4 77 21 46 60 98 32 56 10 19 8 9 25 73 40 52 78 5 33 51 6 26 93 91 41 15 39 23 97 44 55 42 49 45 16 72 99 94 24 58 27 38 65 76 36 43 71 54 37 95 30 18 53 75 92 28 69 87 83 34 57 22 1 88 68 
71 37 16 53 72 49 45 18 91 55 26 73 19 25 36 8 27 77 32 9 76 92 31 78 94 5 58 3 2 52 98 11 84 81 74 13 93 20 48 75 97 46 65 12 57 85 66 96 62 86 14 56 15 63 87 30 83 35 61 68 44 0 17 59 90 7 51 88 89 22 10 50 64 43 70 1 80 82 99 4 60 79 67 34 28 47 21 29 33 40 38 95 6 39 54 41 23 42 24 69 
7 59 0 67 17 68 61 82 50 89 14 62 86 96 85 66 64 47 12 90 79 20 48 80 13 74 29 81 84 63 11 3 31 4 21 2 35 60 40 77 10 8 46 25 32 19 56 98 73 33 9 6 52 78 41 23 5 51 39 42 26 93 24 91 15 44 97 99 16 38 54 55 49 45 72 94 95 71 43 27 58 37 65 76 36 53 28 18 30 69 75 92 34 87 83 57 22 1 88 70 
16 69 37 53 72 49 45 91 55 18 26 73 19 25 8 77 36 32 9 27 31 76 78 92 3 2 5 94 58 11 98 52 84 81 74 13 20 48 93 46 97 75 12 85 66 65 96 62 86 57 14 56 63 15 87 30 61 35 83 68 0 59 17 44 90 7 51 89 88 10 50 22 64 70 80 82 43 4 99 60 67 79 1 47 28 34 21 29 33 40 38 6 95 39 54 41 23 42 24 71 
49 45 55 53 91 18 26 37 16 36 71 27 69 9 32 76 19 73 92 94 78 5 25 77 58 8 52 98 2 31 93 3 97 75 46 65 74 81 57 11 48 84 20 15 13 56 12 87 30 83 63 66 85 96 62 35 14 44 86 51 90 61 68 88 22 59 0 7 10 43 17 89 1 99 80 4 60 64 50 34 28 82 79 70 67 21 33 47 38 29 40 95 6 39 54 41 23 42 24 72 
19 25 77 8 31 32 3 9 91 26 16 2 11 81 84 74 72 71 49 45 20 55 37 48 13 78 53 69 98 5 12 18 52 85 66 96 62 36 27 14 86 46 76 94 93 63 58 92 61 68 56 97 0 59 35 17 7 90 75 65 15 89 50 70 57 30 64 51 82 87 44 80 83 67 10 79 4 60 47 29 21 99 43 33 40 22 28 88 6 34 38 1 39 95 41 54 23 42 24 73 
20 81 48 84 3 13 85 31 11 96 66 62 12 14 2 86 77 8 19 61 25 73 32 68 0 59 9 7 17 63 98 78 90 89 26 46 52 91 5 70 50 35 82 64 67 16 56 49 55 45 72 80 93 71 79 37 53 27 47 36 18 69 94 4 97 76 10 58 29 60 15 51 92 21 65 44 75 40 33 30 87 83 99 6 57 43 41 39 38 28 23 95 34 42 54 22 24 88 1 74 
65 57 97 87 58 94 83 30 76 92 93 15 27 5 36 52 44 78 88 22 98 46 56 55 1 18 45 49 51 26 9 43 72 91 32 99 35 53 34 2 28 37 63 16 10 19 77 73 71 25 69 38 3 95 31 60 12 8 48 4 74 90 20 81 33 66 80 84 54 96 85 62 11 6 21 39 13 14 40 64 79 89 68 41 50 29 86 7 82 59 47 42 0 61 23 24 67 17 70 75 
92 58 94 27 36 75 55 18 5 97 93 65 45 49 78 57 26 72 52 91 98 53 9 87 30 83 15 32 46 37 16 2 56 71 19 44 73 69 77 25 88 22 35 51 8 31 3 63 1 43 74 48 12 99 81 20 84 10 34 11 66 28 85 96 13 62 90 14 60 4 38 68 80 86 95 89 33 64 61 7 79 21 59 50 0 40 6 82 54 39 17 29 47 67 41 70 42 23 24 76 
19 73 25 31 8 32 3 9 2 81 74 11 91 26 84 20 48 13 16 78 49 72 12 45 55 98 85 66 71 5 96 37 62 52 14 53 86 69 46 18 27 36 63 61 93 94 76 58 68 56 92 0 59 35 7 17 97 90 89 65 75 15 50 70 64 82 80 51 30 67 44 57 10 79 87 4 83 60 47 29 21 99 43 33 40 22 6 28 34 38 88 39 1 95 41 54 23 42 24 77 
5 52 98 9 46 32 93 2 26 94 91 58 97 27 76 55 56 36 49 45 77 19 92 72 73 65 15 75 63 3 18 35 31 25 12 48 74 53 8 16 30 20 81 37 44 87 51 57 66 83 84 71 85 96 11 62 90 13 14 69 10 68 43 99 86 60 4 80 89 64 7 61 59 22 0 50 79 28 34 82 88 21 33 17 1 38 40 29 47 67 95 6 70 39 54 41 23 42 24 78 
64 80 47 29 50 82 90 89 21 4 67 40 60 63 68 10 33 7 35 6 59 70 41 0 12 23 66 39 14 62 96 42 56 85 24 61 17 51 48 46 20 74 54 2 86 38 98 81 99 95 52 3 84 13 44 78 15 11 31 43 5 93 28 32 9 77 97 34 19 73 25 8 30 65 26 94 91 83 58 87 75 76 27 55 49 45 22 36 92 72 57 16 18 1 53 37 71 88 69 79 
79 64 29 4 90 47 21 60 50 89 40 82 10 63 33 35 67 6 68 41 7 56 39 12 23 59 66 51 42 0 70 14 46 96 62 85 24 48 38 54 98 99 61 2 20 17 74 95 52 44 81 86 15 43 3 78 93 84 5 28 13 31 9 32 11 97 34 77 30 65 19 73 25 8 26 94 83 87 75 58 91 76 27 22 55 92 49 45 36 57 72 18 1 16 53 37 88 71 69 80 
74 84 20 48 13 11 3 31 85 96 62 66 12 14 86 77 2 8 25 61 19 73 32 68 0 59 17 9 7 63 98 78 26 91 90 89 52 46 70 5 50 16 82 35 67 49 64 55 72 45 56 71 37 80 93 79 53 69 27 18 36 47 94 76 58 4 97 10 29 60 92 15 51 21 65 75 44 40 30 33 87 83 57 99 6 43 41 39 38 28 23 95 34 42 54 22 24 88 1 81 
50 89 67 64 47 79 68 90 7 80 29 70 59 0 14 66 63 17 62 4 12 96 21 61 85 40 60 48 86 35 20 10 74 33 81 6 13 84 2 41 56 3 23 11 46 31 39 42 98 51 24 52 32 77 78 9 5 19 54 38 8 25 73 99 93 44 15 95 43 97 26 28 91 65 94 34 30 58 55 49 45 76 27 75 72 16 83 87 36 92 18 37 71 53 57 22 69 1 88 82 
87 30 65 57 75 15 97 22 44 88 1 93 58 94 43 76 92 51 34 99 5 52 56 28 46 27 78 98 36 35 55 18 10 9 38 95 26 45 49 91 72 32 63 2 60 53 4 54 33 37 19 39 77 6 90 73 16 12 21 80 40 3 71 25 31 48 41 69 74 8 20 66 79 81 64 42 96 85 62 89 23 29 84 14 24 68 11 50 13 47 82 7 59 86 0 61 67 17 70 83 
11 13 81 20 74 3 48 31 85 86 96 62 66 14 12 8 77 25 61 19 2 73 32 17 0 59 68 7 9 63 98 26 91 78 70 89 90 16 52 46 5 50 82 67 49 71 72 45 55 35 64 37 56 69 53 80 93 79 18 27 36 47 94 76 58 97 4 29 10 92 60 15 51 21 65 75 44 40 30 33 87 83 57 6 99 43 41 39 38 28 23 95 42 34 54 22 24 88 1 84 
96 62 66 14 20 48 12 74 81 86 61 84 13 68 0 59 11 7 3 17 31 2 89 63 70 90 77 50 8 82 19 25 67 32 73 64 9 98 46 35 79 80 78 52 47 5 56 26 91 29 4 10 60 93 16 55 21 49 45 72 71 51 37 40 97 27 94 15 36 53 33 58 76 18 69 44 65 92 6 75 30 99 41 39 43 23 87 83 38 42 57 28 95 54 24 34 22 1 88 85 
61 14 13 85 62 96 17 84 20 66 81 11 0 74 48 59 7 12 68 3 31 70 8 77 2 89 25 67 19 50 73 82 90 63 32 64 9 98 79 80 47 78 46 35 26 52 91 5 29 56 16 4 49 71 72 55 45 37 60 93 10 21 69 53 27 40 18 36 94 51 97 76 58 15 33 92 44 6 65 75 41 30 99 39 23 87 43 83 42 38 57 24 54 95 28 34 22 88 1 86 
83 30 65 57 75 97 15 22 44 88 93 1 58 94 76 92 43 51 5 52 34 56 27 99 46 28 78 36 98 35 55 18 9 26 45 49 10 38 95 91 72 32 2 63 53 60 4 54 33 37 19 77 16 73 90 39 6 12 3 71 25 80 21 31 40 48 69 74 8 41 20 66 81 79 64 96 85 62 84 42 89 29 14 23 11 68 50 24 13 47 82 7 59 86 0 61 67 17 70 87 
1 22 83 87 57 30 75 65 15 44 97 34 43 58 28 94 92 93 76 99 51 27 36 5 56 52 46 95 78 38 98 18 35 55 10 45 49 26 72 9 54 91 53 32 60 63 2 33 39 4 37 6 16 19 40 77 21 41 71 73 90 69 80 42 12 25 3 31 23 24 48 74 8 79 64 20 66 81 29 96 85 89 62 84 50 14 47 68 11 13 82 7 59 86 0 67 61 17 70 88 
50 82 64 90 67 68 79 7 47 80 59 0 70 29 63 14 66 12 62 96 85 61 17 4 21 48 35 60 20 86 74 40 10 81 84 2 13 33 3 56 46 11 6 31 98 41 51 52 23 32 39 77 78 9 42 5 19 25 73 8 24 93 15 44 99 38 54 97 26 95 43 91 28 65 94 30 55 58 49 45 34 76 27 72 75 16 36 83 87 92 18 37 71 53 57 22 69 1 88 89 
64 80 89 63 79 50 82 68 4 47 35 29 12 60 7 67 66 21 10 59 96 14 62 85 0 56 40 48 46 70 20 33 2 74 61 98 17 81 51 6 86 3 52 84 13 78 41 31 39 11 5 32 9 93 23 15 77 44 99 42 38 19 97 24 73 54 25 43 95 8 26 28 65 91 30 94 58 34 75 76 55 27 83 87 49 45 72 36 92 16 57 18 22 37 53 71 69 1 88 90 
26 49 45 72 55 9 16 32 53 37 18 19 73 36 71 27 77 25 78 5 69 8 76 2 94 52 98 92 58 31 3 93 46 74 81 97 48 11 84 20 75 65 13 12 56 66 63 85 15 96 57 62 35 30 14 87 83 86 44 51 61 90 68 59 0 7 17 10 89 43 80 22 50 64 88 99 4 60 82 79 1 70 67 28 34 21 47 33 29 40 38 6 95 39 54 41 23 42 24 91 
76 58 27 94 36 75 18 55 57 65 97 45 49 5 93 72 26 78 91 53 52 87 83 30 9 98 15 37 32 46 16 71 69 2 56 44 19 73 88 77 22 25 51 1 35 8 31 3 63 43 74 99 48 12 81 20 34 84 28 10 11 66 13 85 96 62 90 14 60 4 38 95 68 80 86 33 89 64 61 7 21 79 59 50 0 6 40 54 39 82 17 29 47 41 67 70 42 23 24 92 
97 52 5 65 15 46 94 98 78 58 75 56 76 30 87 44 92 83 27 57 9 36 51 35 26 32 2 55 91 45 49 63 18 72 43 99 22 10 77 19 53 73 3 12 28 88 34 31 1 25 48 90 37 60 16 74 4 20 66 8 81 71 38 96 85 80 62 84 33 95 69 11 14 13 21 64 68 89 79 40 6 50 39 54 7 86 29 82 59 0 47 61 41 67 17 42 23 70 24 93 
58 76 92 27 75 36 97 93 5 65 78 52 57 55 18 45 49 98 26 87 30 15 83 72 9 91 46 32 53 56 44 2 37 16 19 77 73 51 71 35 22 88 69 25 63 1 3 43 31 8 99 48 74 12 10 81 20 34 28 84 66 11 90 85 96 62 13 60 4 14 38 80 95 68 33 86 89 64 21 79 7 50 61 59 40 6 0 54 39 82 29 47 17 41 67 70 42 23 24 94 
38 54 28 99 34 39 43 6 33 51 10 41 42 60 44 24 23 40 4 21 35 15 56 22 30 80 83 1 29 87 46 79 97 63 65 90 93 64 47 88 52 75 98 57 5 50 89 78 82 94 58 2 12 76 67 68 92 9 66 32 27 7 48 96 62 85 14 36 59 74 20 26 0 3 55 70 81 91 77 31 45 49 19 84 61 18 72 73 17 13 86 11 25 8 53 16 37 71 69 95 
62 85 66 14 12 48 20 74 81 86 61 68 84 13 0 59 7 11 3 17 31 2 89 63 90 70 50 77 82 67 8 19 32 25 64 73 9 98 79 80 35 46 78 52 47 56 5 26 29 91 4 10 60 93 21 16 55 49 45 72 51 40 71 97 37 15 27 94 33 36 53 58 76 18 69 44 6 65 92 75 41 99 30 39 43 23 87 83 38 42 57 28 95 54 24 34 22 1 88 96 
65 93 15 75 30 94 58 87 83 5 52 57 76 44 46 78 92 98 56 27 51 36 35 9 22 43 26 55 32 99 45 49 18 2 88 91 1 72 63 34 28 10 53 77 19 73 60 37 3 12 38 16 4 90 25 31 95 48 74 71 20 8 33 66 81 80 69 96 85 62 21 84 6 54 40 39 11 64 14 79 89 13 68 50 41 29 82 7 47 86 59 0 61 42 23 67 24 17 70 97 
52 78 5 46 9 93 2 32 56 97 63 35 26 94 58 15 91 76 77 27 65 19 55 3 12 36 73 48 49 45 31 75 92 74 51 72 44 20 25 81 30 66 18 90 8 96 85 87 62 84 10 83 11 53 57 14 16 13 37 68 60 4 80 71 99 43 89 64 86 7 50 79 69 59 61 0 82 21 28 33 22 34 40 29 17 47 38 67 6 88 95 1 70 39 54 41 23 42 24 98 
43 28 34 51 38 44 95 10 15 54 56 33 60 39 30 35 22 6 4 83 87 97 65 46 41 40 93 1 21 42 75 63 23 52 24 80 98 88 57 5 90 78 94 58 79 29 64 76 47 92 2 89 9 50 27 12 32 82 36 26 66 68 48 55 96 91 62 74 85 67 3 45 20 49 14 7 77 18 72 81 19 31 59 73 0 84 25 53 13 70 11 61 8 86 37 16 17 71 69 99 