1
105
14379
1 63 71
2 94 71
3 142 370
4 173 1276
5 205 1213
6 213 69
7 244 69
8 276 630
9 283 732
10 362 69
11 394 69
12 449 370
13 480 1276
14 512 1213
15 528 157
16 583 630
17 591 732
18 638 654
19 638 496
20 638 314
21 638 142
22 669 142
23 677 315
24 677 496
25 677 654
26 709 654
27 709 496
28 709 315
29 701 142
30 764 220
31 811 189
32 843 173
33 858 370
34 890 1276
35 921 1213
36 992 630
37 1000 732
38 1197 1276
39 1228 1213
40 1276 205
41 1299 630
42 1307 732
43 1362 654
44 1362 496
45 1362 291
46 1425 654
47 1425 496
48 1425 291
49 1417 173
50 1488 291
51 1488 496
52 1488 654
53 1551 654
54 1551 496
55 1551 291
56 1614 291
57 1614 496
58 1614 654
59 1732 189
60 1811 1276
61 1843 1213
62 1913 630
63 1921 732
64 2087 370
65 2118 1276
66 2150 1213
67 2189 205
68 2220 189
69 2220 630
70 2228 732
71 2244 142
72 2276 315
73 2276 496
74 2276 654
75 2315 654
76 2315 496
77 2315 315
78 2331 142
79 2346 315
80 2346 496
81 2346 654
82 2362 142
83 2402 157
84 2402 220
85 2480 142
86 2496 370
87 2528 1276
88 2559 1213
89 2630 630
90 2638 732
91 2756 69
92 2787 69
93 2803 370
94 2835 1276
95 2866 1213
96 2906 69
97 2937 69
98 2937 630
99 2945 732
100 3016 1276
101 3055 69
102 3087 69
103 606 220
104 1165 370
105 1780 370
EOF

1 5 6 9 2 10 14 11 102 20 7 21 19 28 22 27 8 18 29 23 30 15 26 31 17 16 24 32 25 35 103 36 4 3 39 13 12 44 40 48 43 47 41 42 46 34 49 33 45 50 54 51 53 55 52 56 38 37 57 58 104 61 62 63 60 59 66 67 70 71 68 72 69 76 77 73 75 78 81 79 74 82 83 80 65 64 84 85 88 89 90 91 86 87 92 95 96 97 98 100 93 101 94 99 0 
0 5 6 9 10 2 14 11 102 20 21 7 19 28 22 27 29 8 18 23 30 15 26 31 17 32 24 16 25 35 103 36 4 39 3 13 12 44 48 40 43 47 41 42 46 34 49 33 45 50 54 51 53 55 52 56 38 57 37 58 104 61 62 63 60 59 66 67 70 71 68 72 69 76 77 73 75 78 81 79 74 82 83 80 65 64 84 85 88 89 90 91 86 87 92 95 96 97 98 100 101 93 94 99 1 
7 1 11 0 5 6 9 8 10 14 102 19 15 18 22 20 23 27 17 21 16 26 28 24 25 29 30 32 31 4 35 3 13 36 12 103 39 34 33 40 41 44 43 42 47 46 48 45 49 50 38 51 37 54 53 52 55 56 57 58 104 61 62 60 59 63 66 67 68 70 69 71 72 73 64 76 75 65 74 77 78 79 80 81 83 82 84 85 88 89 86 87 90 92 91 95 97 96 98 93 94 100 101 99 2 
4 12 13 8 7 16 33 34 15 17 24 25 2 18 23 26 11 36 37 35 38 19 22 27 32 102 14 1 5 6 0 29 9 20 10 21 28 41 30 31 40 42 103 45 43 51 46 52 50 39 44 57 53 47 59 56 49 48 60 54 55 62 104 61 58 64 65 63 69 68 73 74 72 80 75 66 79 71 67 76 86 70 78 87 77 81 83 85 82 89 88 84 93 94 92 98 97 99 90 91 95 96 100 101 3 
3 12 13 8 7 16 33 15 17 34 24 25 18 2 23 26 11 36 35 37 19 22 38 27 32 102 14 29 5 6 1 0 9 20 10 21 28 30 41 31 40 103 42 45 43 51 46 52 50 39 44 57 53 47 49 56 48 59 54 60 55 62 104 61 58 64 65 63 69 68 73 74 72 80 66 75 71 79 67 76 70 78 86 87 77 81 83 82 85 89 88 84 93 94 92 98 97 90 99 91 95 96 100 101 4 
6 1 9 0 10 2 14 11 102 20 21 19 28 22 27 7 29 18 30 23 31 26 8 15 32 17 24 16 25 35 103 36 39 4 44 13 3 48 40 43 47 12 41 46 42 49 34 50 45 54 33 51 53 55 52 56 57 58 38 37 104 61 62 63 66 60 59 67 70 71 68 72 76 77 69 73 75 78 81 79 74 82 83 80 65 64 84 85 88 89 90 91 92 87 86 95 96 97 98 100 101 93 94 99 5 
5 9 1 10 0 14 2 11 102 20 21 28 19 22 27 29 7 30 18 23 31 26 15 8 32 17 24 25 16 35 103 36 39 44 4 13 48 40 43 47 3 12 41 46 42 49 50 45 54 34 33 51 53 55 52 56 57 58 38 37 104 61 62 63 66 60 59 67 70 71 68 72 76 77 69 73 75 78 81 79 74 82 83 80 65 64 84 85 88 89 90 91 92 87 86 95 96 97 98 100 101 93 94 99 6 
8 2 15 11 16 17 18 24 23 25 26 19 22 102 27 14 6 5 9 10 4 1 0 20 21 13 29 32 28 3 12 30 35 31 36 34 33 103 40 41 42 39 43 38 37 44 45 46 47 51 50 48 49 52 53 54 57 56 55 58 104 61 62 59 60 63 68 64 69 66 65 67 73 72 71 70 74 75 76 80 79 78 77 81 83 82 85 84 86 88 87 89 92 90 91 93 94 97 98 95 96 99 100 101 7 
7 16 15 17 2 11 24 18 25 23 4 26 13 19 3 22 12 27 102 14 6 5 9 10 32 1 20 0 29 21 35 36 28 30 31 34 33 103 40 41 38 37 42 43 39 45 44 46 51 47 50 48 52 49 53 57 54 56 55 104 58 59 60 61 62 63 64 65 68 69 66 73 72 67 74 71 75 70 80 76 79 78 77 81 83 82 85 84 86 87 88 89 92 90 91 93 94 97 98 95 96 99 100 101 8 
10 6 5 14 1 20 102 0 11 21 28 19 2 22 27 29 30 31 18 23 26 7 32 15 17 24 8 25 16 35 103 36 39 44 48 47 43 40 46 49 13 41 4 42 50 54 12 45 3 53 51 55 34 33 56 52 58 57 38 104 37 61 62 63 66 67 60 70 59 71 68 72 76 77 69 75 78 73 81 79 74 82 83 80 84 65 64 85 88 89 90 91 92 87 86 95 96 97 98 100 101 93 94 99 9 
9 6 14 5 20 102 21 1 11 28 0 19 22 2 27 29 30 31 18 23 26 32 7 15 17 24 25 8 16 35 103 39 36 44 48 47 43 40 46 49 41 42 13 4 50 54 45 12 3 53 55 51 34 56 52 33 58 57 38 104 37 61 62 63 66 67 60 70 59 71 68 72 76 77 69 78 75 81 73 79 74 82 83 80 84 65 64 85 88 89 90 91 92 87 86 95 96 97 98 100 101 93 94 99 10 
19 102 14 18 22 23 27 26 15 20 10 2 7 9 21 28 17 29 6 24 5 25 16 8 30 32 31 1 0 35 36 103 39 13 4 40 12 44 43 41 3 42 34 47 46 48 33 45 49 50 51 54 53 52 38 55 56 37 57 58 104 61 62 60 59 63 66 67 68 70 69 71 72 73 76 75 74 77 65 78 64 79 80 81 83 82 84 85 88 89 86 87 90 92 91 95 97 96 98 93 94 100 101 99 11 
13 4 3 33 34 16 8 17 24 15 25 7 37 38 36 18 23 26 35 11 2 19 22 32 27 41 40 102 42 29 14 45 30 103 20 21 28 31 43 51 10 9 46 6 5 52 1 0 50 57 44 53 59 39 60 47 56 49 48 54 55 62 61 104 64 58 65 69 63 68 73 74 72 80 75 66 79 71 86 67 76 87 70 78 77 83 81 85 82 89 88 84 93 94 92 98 99 97 90 91 95 96 100 101 12 
12 4 3 33 34 16 8 17 24 15 25 7 36 37 38 18 23 26 35 11 19 32 22 27 2 41 40 102 42 29 14 103 30 45 20 21 28 31 43 51 10 9 46 6 52 5 50 1 0 57 44 53 39 47 59 56 60 49 48 54 55 62 61 104 58 64 65 69 63 68 73 74 72 80 75 66 79 71 67 76 86 70 78 87 77 83 81 85 82 89 88 84 93 94 92 98 97 99 90 91 95 96 100 101 13 
102 20 21 10 28 9 19 22 11 27 29 30 6 31 5 18 23 26 32 2 1 0 15 17 24 25 7 16 8 35 103 36 39 44 48 43 40 47 46 41 49 42 50 45 54 13 53 51 55 4 12 34 52 56 3 33 57 58 38 104 37 61 62 63 66 60 67 59 70 71 68 72 76 69 77 73 75 78 81 79 74 82 83 80 65 64 84 85 88 89 90 91 92 87 86 95 96 97 98 100 101 93 94 99 14 
17 24 16 25 18 23 26 11 7 8 19 22 27 32 35 102 36 29 14 20 21 30 28 2 31 13 10 9 103 12 6 5 34 4 33 40 41 1 0 3 42 43 39 45 44 46 38 37 51 47 50 48 49 52 53 54 57 56 55 104 58 61 62 59 60 63 68 69 66 64 65 73 67 72 71 70 74 75 76 80 79 78 77 81 83 82 85 84 88 86 89 87 92 90 91 93 97 94 98 95 96 99 100 101 15 
17 15 24 25 18 23 26 8 7 11 36 35 19 22 27 32 13 102 29 12 2 14 34 30 20 21 28 31 4 33 103 3 10 9 40 41 6 5 42 38 43 37 1 45 0 39 46 44 51 50 47 52 53 48 49 57 56 54 55 104 58 61 62 59 60 63 64 65 68 69 66 73 72 67 74 71 75 70 80 79 76 78 77 81 83 82 85 84 86 87 88 89 92 90 91 93 94 97 98 95 96 99 100 101 16 
24 15 25 16 18 23 26 19 11 22 27 35 32 7 8 36 102 29 30 14 20 21 28 31 2 13 103 34 10 12 9 40 33 41 6 4 5 42 43 3 39 45 1 46 44 38 0 37 51 50 47 52 48 49 53 57 54 56 55 104 58 61 62 59 60 63 68 69 64 65 66 73 72 67 71 74 75 70 80 76 79 78 77 81 83 82 85 84 86 88 87 89 92 90 91 93 94 97 98 95 96 99 100 101 17 
23 26 15 17 24 25 19 22 27 11 16 32 102 29 30 20 21 14 28 35 31 7 8 36 10 9 2 103 6 5 40 1 39 41 0 43 13 42 44 34 46 12 45 47 33 4 48 50 51 49 3 53 52 38 54 37 56 57 55 58 104 61 62 60 59 63 66 68 69 67 72 70 73 71 64 65 75 74 76 79 80 78 77 81 83 82 85 84 88 89 86 87 90 92 91 97 95 98 93 96 94 100 101 99 18 
22 27 102 29 20 21 18 28 23 14 26 11 30 32 31 15 17 24 10 25 9 16 6 35 7 5 2 103 8 36 1 0 39 44 40 43 47 41 48 42 46 49 45 50 13 54 51 53 34 52 12 55 56 33 4 57 3 38 58 37 104 61 62 63 60 59 66 67 68 70 71 69 72 73 76 75 77 78 74 79 81 80 65 64 83 82 84 85 88 89 86 87 90 91 92 95 96 97 98 93 94 100 101 99 19 
21 28 102 14 29 19 22 30 27 31 10 9 11 32 18 23 26 6 5 15 17 24 25 2 1 103 0 16 35 7 39 8 36 44 48 47 43 40 46 49 42 41 50 54 45 53 55 51 56 52 13 58 57 34 12 4 33 104 38 3 37 61 62 63 66 67 70 60 59 71 68 72 76 77 69 75 73 78 81 79 74 82 83 80 84 65 64 85 88 89 90 91 92 87 86 95 96 97 98 100 101 93 94 99 20 
20 28 102 29 14 30 22 19 31 27 10 32 9 11 23 18 26 6 5 15 24 17 25 103 2 1 35 16 0 39 7 36 8 44 48 47 43 40 49 46 42 41 50 54 45 53 55 51 56 52 58 57 13 34 104 12 33 4 38 3 37 61 62 63 66 67 70 60 59 71 68 72 76 77 69 75 78 73 81 79 74 82 83 80 84 65 64 85 88 89 90 91 92 87 86 95 96 97 98 100 101 94 93 99 21 
27 19 102 29 21 28 20 23 26 30 18 32 14 31 11 15 24 17 25 10 9 16 35 103 6 7 5 36 2 8 39 1 0 44 40 43 47 48 41 42 46 49 45 50 54 51 53 13 34 52 55 56 12 33 57 4 38 58 3 37 104 61 62 63 60 59 66 67 68 70 71 69 72 73 76 75 77 78 74 79 81 80 65 83 64 82 84 85 88 89 87 86 90 91 92 95 96 97 98 93 94 100 101 99 22 
26 18 24 25 17 15 22 27 19 32 16 11 102 29 30 35 21 28 20 31 14 36 7 8 103 10 9 2 6 5 40 39 41 43 42 44 1 13 0 46 34 45 47 12 48 33 50 51 49 4 53 52 54 38 3 37 56 57 55 58 104 61 62 60 59 63 66 68 69 67 72 70 73 71 65 75 64 74 76 79 80 78 77 81 83 82 85 84 88 89 86 87 90 92 91 97 95 98 93 96 94 100 101 99 23 
25 17 15 16 23 26 18 35 36 32 22 27 19 11 7 8 102 29 30 31 21 20 28 14 103 13 2 34 40 41 10 12 33 9 42 43 6 4 5 45 39 46 44 38 3 37 51 1 50 47 0 52 48 53 49 57 54 56 55 104 58 61 62 59 60 63 68 69 64 65 66 73 72 67 71 74 75 70 80 76 79 78 77 81 83 82 85 84 86 88 87 89 92 90 91 93 94 97 98 95 96 99 100 101 24 
24 17 15 16 26 23 18 35 36 32 27 22 19 11 8 7 29 102 30 31 28 21 20 14 103 40 13 34 41 2 33 42 12 10 43 9 45 39 46 6 44 4 38 5 51 37 50 47 3 52 1 48 53 49 0 57 54 56 55 104 58 61 62 60 59 63 68 69 64 65 66 73 72 67 71 74 75 70 80 76 79 78 77 81 83 82 85 84 88 86 89 87 92 90 91 93 94 97 98 95 96 99 100 101 25 
23 18 25 24 17 27 15 22 19 32 16 29 11 102 35 30 31 28 21 20 36 14 7 103 8 10 9 2 40 6 39 41 43 5 42 44 46 45 13 47 1 34 0 48 50 51 33 49 12 53 52 54 4 38 56 57 37 55 3 58 104 61 62 60 59 63 66 68 69 67 72 70 73 71 75 64 65 74 76 79 80 78 77 81 83 82 85 84 88 89 86 87 90 92 91 97 95 98 93 96 94 100 101 99 26 
22 19 29 102 32 30 28 21 26 23 20 18 31 14 11 15 25 24 17 10 35 9 16 103 36 6 7 5 2 39 8 44 1 40 43 0 47 48 41 42 46 49 45 50 54 51 53 55 52 13 34 56 57 33 12 4 58 38 104 37 3 61 62 63 60 59 66 67 68 70 71 69 72 73 76 75 77 78 74 79 81 80 83 65 82 64 84 85 88 89 87 86 90 91 92 95 96 97 98 93 94 100 101 99 27 
21 20 29 30 102 31 27 14 22 19 32 10 11 9 26 23 18 6 5 15 25 24 17 103 35 39 16 2 1 0 7 36 44 48 8 47 43 40 49 46 42 41 50 54 45 53 55 51 56 52 58 57 13 34 104 33 12 4 38 37 3 61 62 63 66 67 70 60 71 59 68 72 76 77 69 75 78 73 81 79 74 82 83 80 84 65 85 64 88 89 90 91 92 87 86 95 96 97 98 100 101 94 93 99 28 
30 31 28 27 21 22 20 19 102 32 14 26 23 18 11 10 103 9 25 24 15 17 35 39 16 6 36 5 44 7 2 48 43 47 40 1 8 46 0 49 42 41 50 54 45 53 51 55 56 52 57 58 34 13 104 33 12 38 4 37 3 61 62 63 66 67 60 70 59 68 71 72 69 76 77 73 75 78 81 79 74 83 82 80 65 64 84 85 88 89 90 91 92 87 86 95 96 97 98 100 93 94 101 99 29 
31 29 28 21 27 20 22 32 102 19 14 26 23 18 103 11 10 9 39 25 35 24 15 17 44 36 6 16 48 5 47 43 40 49 46 2 7 42 1 41 50 54 0 8 45 53 55 51 56 52 58 57 104 34 13 33 38 12 37 61 4 62 3 63 66 67 70 60 71 68 59 72 76 69 77 75 73 78 81 79 74 82 83 80 84 65 85 64 88 89 90 91 92 87 86 95 96 97 98 100 101 94 93 99 30 
30 29 28 21 27 32 20 22 102 19 14 26 23 103 18 39 11 10 35 9 25 24 17 15 44 48 36 47 6 43 16 5 40 49 46 42 54 50 41 2 7 45 1 53 55 0 8 51 56 52 58 57 104 34 13 33 38 37 12 61 62 4 63 3 66 67 70 71 60 68 59 72 76 77 69 75 78 73 81 79 74 82 83 80 84 85 65 64 88 89 90 91 92 87 86 95 96 97 98 100 101 94 93 99 31 
27 29 30 22 26 31 23 19 18 28 35 102 21 103 20 25 24 17 15 36 14 11 39 16 44 40 43 10 47 41 42 9 46 48 45 49 7 50 8 6 51 54 53 5 2 52 55 56 57 1 34 0 58 33 13 38 104 37 12 4 61 62 3 63 60 59 66 67 68 70 69 71 72 73 76 75 74 78 77 79 80 81 65 83 64 82 84 85 88 89 87 86 90 92 91 95 97 96 98 93 94 100 101 99 32 
34 37 38 13 12 36 16 25 35 24 17 41 4 15 3 40 42 26 23 8 18 45 51 7 32 52 43 59 46 103 57 60 27 50 22 19 11 53 29 56 30 44 102 31 47 39 28 49 21 20 62 2 14 54 61 48 55 64 65 104 10 9 6 58 5 1 69 0 68 63 73 74 80 72 75 86 79 87 66 71 67 76 78 70 89 77 83 85 88 81 82 93 84 94 92 98 99 97 90 91 95 96 100 101 33 
33 37 38 13 12 36 16 35 25 24 41 17 15 40 42 4 26 3 45 23 18 51 8 43 52 32 7 46 103 57 59 50 60 27 22 19 53 11 56 29 44 30 102 31 47 39 49 28 21 20 62 54 14 2 61 48 55 64 104 65 10 9 58 6 5 69 1 68 0 63 73 74 80 72 75 79 86 66 71 87 67 76 78 70 77 83 89 85 81 88 82 84 93 94 92 98 99 97 90 91 95 96 100 101 34 
36 25 32 40 103 26 24 41 23 17 42 18 43 15 16 27 45 22 46 29 19 30 31 51 44 39 50 47 52 102 28 53 21 34 49 11 20 57 48 38 56 33 54 14 37 55 7 8 13 10 12 104 9 58 2 61 6 62 5 4 60 3 59 1 0 63 68 69 66 73 72 65 64 67 71 74 75 70 80 76 79 78 77 81 83 82 85 84 88 89 86 87 92 90 91 97 93 98 94 95 96 99 100 101 35 
35 25 41 40 24 17 42 26 32 103 23 16 15 18 43 45 46 34 51 27 22 38 50 19 33 52 29 44 30 37 31 39 53 47 57 102 49 56 11 28 21 13 20 48 54 8 7 14 12 55 104 10 58 61 9 62 4 2 60 59 3 6 5 1 63 0 68 69 64 65 73 72 66 74 67 75 71 80 79 70 76 78 77 81 83 82 85 84 86 87 88 89 92 90 91 93 94 97 98 95 96 99 100 101 36 
38 34 33 41 36 59 42 60 40 45 35 51 13 52 12 57 25 43 24 46 16 50 17 53 56 15 62 103 26 64 23 65 18 61 32 4 44 47 3 49 54 8 55 39 104 27 22 19 7 48 29 30 31 69 11 68 102 58 28 73 21 20 63 74 14 80 72 86 75 87 79 2 71 10 66 9 76 67 78 6 89 70 5 88 85 83 77 81 1 93 82 0 94 84 99 98 92 97 90 91 95 96 100 101 37 
37 34 33 41 36 42 59 40 45 60 51 35 52 57 13 43 46 12 25 50 24 53 16 17 56 62 103 15 26 64 61 23 32 65 18 44 47 49 54 55 104 39 4 27 22 3 48 8 19 29 30 31 69 7 58 11 68 102 73 28 63 21 74 20 80 14 72 75 86 79 87 2 71 66 76 10 67 78 9 70 89 6 88 85 5 77 83 81 82 93 1 0 94 84 98 92 99 97 90 91 95 96 100 101 38 
44 48 47 103 49 54 43 46 55 50 53 40 31 56 32 58 42 30 45 51 35 29 52 41 104 57 27 28 36 22 21 26 20 19 23 102 18 25 24 14 61 17 15 63 62 11 16 10 66 9 67 70 71 38 68 6 72 76 77 34 5 37 78 75 7 69 81 73 79 8 83 82 74 33 2 60 80 1 59 84 0 85 13 12 65 64 88 89 4 90 91 92 3 87 95 86 96 97 98 100 101 94 93 99 39 
42 41 45 43 46 51 50 52 53 103 35 36 57 56 44 47 49 54 39 55 48 32 104 38 25 26 61 58 24 62 23 31 37 30 17 27 18 29 34 22 16 15 19 33 28 21 60 102 20 59 63 11 14 68 69 73 13 66 72 74 8 67 7 75 71 65 12 64 80 79 70 76 10 9 78 77 81 83 2 6 82 5 85 4 84 3 1 88 89 0 86 87 92 90 91 97 98 93 94 95 96 99 100 101 40 
42 40 45 51 43 52 46 50 36 57 35 53 56 103 44 47 49 38 54 39 55 37 48 32 104 25 62 61 34 24 26 23 17 33 58 18 16 60 31 27 15 30 59 29 22 19 28 63 102 21 20 68 69 13 11 14 65 73 64 12 72 74 8 66 75 7 80 71 67 79 76 70 78 10 9 77 4 81 83 2 82 85 6 3 5 84 88 89 86 87 1 0 92 90 91 93 94 97 98 95 96 99 100 101 41 
45 40 41 51 43 46 52 50 53 57 56 103 44 47 36 35 49 54 55 39 48 104 61 62 38 32 58 37 25 26 24 23 31 34 30 17 27 60 29 18 22 59 16 15 63 33 19 28 68 21 69 102 20 73 72 66 74 11 65 75 14 71 67 64 80 79 76 13 70 78 12 8 7 77 81 83 10 82 9 85 84 2 6 88 89 4 5 87 86 3 1 0 92 90 91 97 98 93 94 95 96 99 100 101 42 
46 50 40 42 45 53 51 44 47 103 49 41 52 56 54 57 39 55 48 35 36 104 58 32 61 62 31 30 26 29 25 27 23 24 22 18 38 63 17 19 28 21 15 37 102 16 20 34 60 68 66 69 14 59 67 33 72 11 73 71 70 75 74 76 79 80 78 77 10 81 65 83 64 9 7 82 8 13 85 84 12 6 2 5 88 89 1 4 0 87 86 3 92 90 91 97 98 95 96 94 93 100 101 99 43 
47 39 49 48 54 43 103 46 50 55 53 56 40 42 45 51 58 52 104 57 41 35 32 31 30 36 29 61 27 28 26 22 21 62 23 19 63 20 25 18 102 24 17 66 14 15 67 16 70 71 11 68 38 72 76 69 75 77 73 78 10 37 79 81 74 34 9 60 83 80 82 59 33 84 85 7 6 8 5 65 2 64 13 1 88 0 12 89 90 91 92 4 87 86 3 95 96 97 98 100 101 94 93 99 44 
42 51 52 40 41 46 43 50 57 53 56 47 44 49 54 103 55 36 35 104 39 48 61 62 58 38 32 37 60 25 63 59 26 24 34 31 23 30 17 29 27 68 18 69 33 22 16 15 73 19 72 66 28 74 75 21 65 71 67 80 102 64 79 20 76 70 78 11 14 77 81 83 13 82 85 12 8 7 84 10 88 9 89 87 86 2 6 4 5 3 92 1 90 0 91 97 98 93 94 95 96 99 100 101 45 
43 50 53 45 42 51 40 56 52 47 44 49 54 57 41 55 103 48 39 104 58 35 36 61 62 32 31 63 30 26 29 25 27 38 23 24 22 18 17 28 68 19 37 66 60 21 69 72 67 15 20 102 73 16 59 71 34 75 70 74 76 79 80 78 33 14 77 11 81 83 65 82 64 85 84 10 9 7 13 8 88 12 89 6 5 2 87 86 92 1 90 4 0 91 3 97 98 95 96 94 93 100 101 99 46 
44 49 48 54 39 55 46 43 50 53 103 56 58 40 45 104 42 51 52 57 41 35 32 31 61 36 30 62 29 63 27 28 26 22 66 21 23 19 20 67 25 18 102 24 70 71 68 17 72 76 14 15 75 69 77 78 73 16 38 79 81 74 11 83 82 80 37 60 34 10 59 84 85 9 33 65 7 6 64 8 5 88 2 89 13 1 90 12 0 91 92 87 86 95 96 4 97 98 3 100 101 94 93 99 47 
47 44 49 39 54 55 58 103 46 43 50 53 56 104 40 45 42 51 52 57 41 31 32 30 35 29 61 36 63 28 27 21 62 22 66 26 20 19 67 23 102 70 18 25 71 24 14 76 77 17 72 68 78 81 15 75 79 69 73 82 83 11 16 74 10 80 38 9 84 85 60 37 34 59 6 5 33 7 8 65 2 88 64 1 89 90 0 91 13 92 12 95 96 87 86 97 4 98 100 3 101 94 93 99 48 
47 54 44 55 48 50 46 53 39 43 56 58 104 103 51 45 52 42 57 40 41 61 35 63 62 32 31 36 30 66 29 67 70 27 71 28 26 68 22 72 76 21 23 19 75 77 78 25 69 20 73 18 79 102 81 24 74 83 17 82 80 38 15 14 60 16 84 85 37 59 11 34 10 65 9 33 64 88 89 7 6 8 90 5 92 91 13 2 12 1 87 86 95 0 96 97 98 4 100 101 3 94 93 99 49 
46 53 43 56 51 45 52 42 57 49 47 54 40 44 55 41 104 48 103 39 58 61 62 35 36 63 32 31 30 68 66 38 29 69 26 72 67 25 27 60 73 71 23 24 75 22 37 70 74 59 76 18 79 28 17 19 80 78 21 34 77 15 20 102 16 81 83 82 65 33 64 85 14 11 84 88 10 89 9 13 7 8 12 87 86 6 92 90 5 2 91 97 1 4 98 95 0 96 3 94 93 100 101 99 50 
45 52 42 57 50 46 53 40 41 43 56 49 47 54 44 55 104 61 103 62 48 36 35 39 58 38 60 63 37 32 59 68 69 25 73 26 34 72 31 24 30 23 74 66 75 29 17 27 71 80 33 18 65 67 79 22 64 76 16 15 70 19 78 28 21 102 77 20 83 81 82 85 11 14 84 13 88 89 12 8 87 7 86 10 9 92 6 2 90 4 5 91 97 3 98 93 94 1 95 0 96 99 100 101 51 
51 57 45 53 50 56 42 46 43 40 41 54 61 104 49 55 62 47 44 103 48 58 39 36 35 63 60 38 68 59 69 37 73 72 32 74 66 75 80 71 79 67 65 76 25 34 64 31 26 70 78 24 30 23 29 27 33 17 18 77 22 83 81 16 15 19 82 85 28 21 102 20 84 88 89 14 11 87 86 13 12 8 7 92 10 9 90 91 97 98 93 94 6 2 4 5 95 96 3 1 99 0 100 101 52 
50 56 46 52 51 57 43 45 54 49 55 47 42 104 44 40 41 48 58 61 39 103 62 63 35 36 68 66 32 69 72 67 73 71 75 60 31 70 74 76 38 79 30 80 78 59 29 26 25 37 77 27 23 81 24 22 83 18 82 28 17 19 65 21 85 34 64 15 20 102 16 84 33 14 88 11 89 10 87 86 92 13 9 90 7 8 91 12 6 97 5 98 2 95 96 94 93 1 4 0 100 3 101 99 53 
49 55 47 48 44 53 58 50 56 46 104 43 39 52 51 57 45 103 42 40 61 41 63 62 66 35 67 32 36 70 31 71 30 68 72 76 29 75 77 78 69 73 79 81 27 74 83 82 28 26 22 80 21 23 19 25 20 18 84 24 85 102 60 38 17 59 15 14 37 16 65 11 34 88 64 89 10 33 9 90 92 91 7 6 8 5 87 95 86 13 96 2 97 12 98 1 0 100 101 94 93 4 3 99 54 
54 49 58 104 47 56 53 48 50 44 46 43 39 57 52 51 45 42 61 103 40 63 41 62 66 67 70 71 72 68 76 35 75 77 78 73 36 69 32 79 81 31 74 83 82 30 80 29 84 85 27 28 26 22 60 21 23 25 19 20 18 38 24 59 102 17 65 37 88 15 14 64 16 89 34 90 11 92 91 33 10 9 95 87 96 86 97 7 6 8 98 5 13 100 2 101 12 1 94 0 93 4 99 3 55 
53 50 57 52 46 51 55 104 54 49 45 43 47 42 44 61 58 40 48 41 62 39 103 63 68 35 66 36 69 72 67 73 71 75 74 70 76 79 80 60 78 32 77 59 38 81 83 31 82 30 37 85 29 65 26 25 27 64 84 23 24 22 18 28 17 19 34 21 88 20 15 102 16 89 33 14 11 87 92 86 90 91 10 13 9 97 7 8 98 95 12 96 6 94 93 5 2 100 101 1 4 99 0 3 56 
52 51 56 53 45 50 46 42 43 61 40 41 62 104 55 54 49 47 44 58 48 103 63 39 60 68 36 69 35 59 73 38 72 74 75 66 80 71 37 79 67 65 76 64 78 32 70 77 34 83 25 81 31 26 85 30 82 24 23 29 33 27 17 18 22 84 88 16 89 15 19 28 21 102 87 20 86 14 11 92 13 90 12 91 97 8 98 7 10 93 94 9 95 96 6 2 4 5 99 100 3 101 1 0 57 
55 104 54 49 48 47 56 53 44 50 63 46 39 66 61 57 43 67 52 70 51 45 71 62 42 103 76 77 40 72 78 81 68 75 82 83 79 41 73 69 74 84 80 85 35 31 32 36 30 29 88 60 27 90 28 89 22 91 21 26 92 59 20 23 19 65 25 102 18 38 24 64 95 17 14 96 37 15 16 97 11 34 87 100 98 10 86 101 9 33 6 7 5 94 8 93 13 2 1 12 0 99 4 3 58 
60 64 65 62 38 37 57 61 52 69 51 86 45 41 87 68 42 73 74 56 80 53 40 50 46 34 43 104 72 33 75 79 63 36 89 55 54 93 49 35 88 94 47 71 44 76 58 78 103 66 85 67 48 39 99 83 70 77 98 81 25 82 24 97 13 32 84 17 12 16 92 26 23 15 18 27 31 30 22 29 19 90 91 28 102 4 21 8 95 20 11 3 96 7 14 100 101 10 9 2 6 5 1 0 59 
59 64 65 62 61 57 38 69 52 37 51 86 68 45 73 87 41 74 42 80 56 53 40 50 46 72 104 75 43 79 63 34 89 55 33 54 36 88 49 93 71 47 76 94 78 58 35 44 66 85 103 67 48 83 70 39 99 77 81 82 98 97 84 25 92 24 32 17 13 16 26 12 23 15 18 31 27 30 90 29 22 91 19 95 28 96 102 21 20 11 8 4 100 3 7 14 101 10 9 2 6 5 1 0 60 
62 104 57 68 63 56 69 52 73 53 72 74 75 51 80 50 55 79 58 71 45 54 46 66 76 78 67 49 42 43 60 70 47 40 41 65 83 85 77 44 59 81 48 64 82 88 89 84 39 103 87 86 38 36 35 92 37 90 97 98 91 32 94 93 95 34 31 96 30 25 33 26 29 24 23 27 100 17 22 99 18 101 28 19 16 15 21 20 102 14 11 13 12 10 8 7 9 6 2 5 4 3 1 0 61 
61 69 68 57 73 52 56 104 63 74 72 80 53 51 75 79 60 50 45 65 55 71 46 59 42 76 58 54 64 66 78 43 41 49 67 40 47 70 85 83 44 88 89 77 81 82 48 87 84 86 39 103 38 37 36 35 92 97 98 94 93 90 91 34 32 33 95 96 31 25 99 26 30 24 29 23 27 17 18 22 100 16 101 15 19 28 21 102 20 13 14 11 12 8 7 10 9 4 6 2 3 5 1 0 62 
66 71 67 72 76 75 78 70 79 68 104 61 77 73 83 81 74 82 80 69 58 62 85 84 55 56 54 53 57 88 49 52 50 89 51 47 46 48 92 45 44 90 43 91 42 39 40 65 41 95 60 97 96 64 103 98 59 87 86 100 101 35 36 94 93 38 32 31 37 30 99 29 27 26 28 25 22 23 21 24 34 19 18 20 17 102 33 15 16 14 11 10 9 13 7 8 12 6 5 2 1 0 4 3 63 
65 60 59 86 87 69 62 73 74 68 80 61 93 94 89 72 57 75 79 88 52 51 38 99 63 37 56 45 53 104 71 41 42 76 85 78 98 50 40 46 97 66 43 67 83 55 92 54 70 58 77 82 81 49 84 34 47 33 44 36 35 48 103 39 90 91 95 96 100 25 101 32 24 17 13 26 16 12 23 15 18 31 30 27 29 22 19 28 21 102 20 11 4 8 14 3 7 10 9 2 6 5 1 0 64 
64 60 59 86 87 69 62 73 74 68 80 61 89 93 94 72 75 79 88 57 52 63 51 99 56 71 85 76 45 78 104 38 98 53 37 42 41 50 97 66 46 83 67 40 43 55 92 70 77 82 81 54 58 84 49 47 44 34 36 33 48 90 35 103 91 39 95 96 100 101 32 25 24 26 17 16 13 23 31 12 15 18 30 27 29 22 19 28 21 102 20 11 8 14 4 7 3 10 9 2 6 5 1 0 65 
67 70 71 77 76 81 78 63 83 82 84 72 75 79 85 68 104 58 73 74 80 61 69 55 90 62 88 91 92 54 56 89 53 49 57 95 50 96 47 48 52 46 44 51 97 43 100 45 101 39 98 42 40 65 41 103 60 64 87 86 59 94 93 35 36 32 31 99 30 38 29 37 27 28 26 22 21 23 25 20 19 24 18 102 17 34 15 14 16 33 11 10 9 6 13 7 8 5 12 2 1 0 4 3 66 
66 70 77 71 81 76 78 82 83 63 84 72 75 85 79 68 73 74 104 80 58 61 69 90 91 88 92 55 62 54 56 89 95 96 53 49 57 50 47 48 52 97 100 46 44 51 101 98 43 45 39 42 40 65 41 103 87 60 64 86 59 94 93 35 36 99 32 31 30 38 29 37 27 28 26 22 21 23 25 20 19 18 24 102 17 34 14 15 16 33 11 10 9 6 13 7 5 8 12 2 1 0 4 3 67 
73 74 69 80 72 75 79 63 61 62 71 76 78 85 88 66 89 67 83 70 77 82 81 104 84 65 57 56 92 64 58 52 87 53 55 60 86 97 51 98 50 54 59 90 45 91 46 49 42 47 43 94 95 93 96 41 40 44 48 100 99 101 39 103 38 37 36 35 32 34 31 30 33 25 29 26 24 27 23 22 17 18 28 19 21 16 15 20 102 14 11 13 12 10 8 9 7 6 5 2 4 3 1 0 68 
73 68 74 80 72 75 79 62 61 63 89 88 71 76 78 85 65 66 83 67 64 104 87 70 77 82 81 60 57 86 84 56 92 52 59 97 53 98 58 51 55 50 94 45 54 93 46 90 49 91 42 43 47 41 40 95 99 96 44 48 100 101 39 38 103 37 36 35 34 32 33 31 30 25 26 29 24 23 27 17 22 18 16 28 19 15 21 20 102 13 14 11 12 8 10 7 9 4 6 2 5 3 1 0 69 
67 66 77 81 82 71 83 76 78 84 63 85 72 75 79 68 73 58 74 90 104 80 91 61 69 92 88 55 95 62 96 54 89 56 49 53 57 100 48 47 50 101 97 52 46 44 51 98 43 45 39 42 40 65 103 41 87 64 60 86 59 94 93 35 99 36 31 32 30 38 29 28 37 27 21 26 22 20 23 19 25 102 18 24 17 34 14 15 16 33 11 10 9 6 7 5 13 8 12 2 1 0 4 3 70 
76 78 67 66 83 70 72 77 75 81 79 63 82 85 84 68 73 74 80 69 88 61 104 92 90 62 89 58 91 55 95 56 96 54 97 57 53 49 98 52 50 100 101 47 51 46 48 65 44 45 43 87 64 42 86 60 39 40 41 59 94 93 103 99 35 36 38 32 31 37 30 29 27 26 28 22 25 23 21 34 24 19 20 18 17 102 33 15 16 14 11 10 9 13 7 8 12 6 5 2 1 0 4 3 71 
75 79 68 73 74 80 71 76 78 63 69 85 83 66 67 70 77 82 81 88 61 84 62 89 104 92 58 90 56 91 97 57 55 98 53 65 52 54 95 87 96 50 64 51 49 86 60 46 45 47 100 59 43 101 48 42 94 44 93 40 41 39 99 103 38 35 36 37 32 31 30 34 29 26 25 27 33 23 24 22 28 18 17 21 19 20 102 15 16 14 11 13 10 12 9 7 8 6 5 2 4 1 3 0 72 
74 68 80 69 72 75 79 71 63 76 78 88 85 62 61 89 83 66 67 70 82 77 81 84 104 65 92 87 64 97 57 86 98 56 60 58 52 53 55 90 59 91 51 50 54 94 93 45 95 46 49 96 42 47 43 99 41 100 40 44 48 101 39 103 38 37 36 35 32 34 31 33 30 25 29 26 24 27 23 22 17 18 28 19 16 21 15 20 102 14 11 13 12 10 8 7 9 6 5 4 2 3 1 0 73 
80 73 68 69 75 79 72 88 89 85 76 78 71 63 62 61 83 66 67 82 77 81 70 84 92 65 104 87 97 98 64 86 57 56 60 90 58 91 52 53 94 55 59 93 51 95 50 54 96 45 49 46 99 100 42 47 43 101 41 40 48 44 39 103 38 37 36 35 32 34 31 33 30 25 29 26 24 27 23 22 17 18 28 19 21 16 15 20 102 14 11 13 12 10 8 7 9 6 5 4 2 3 1 0 74 
79 72 74 80 73 68 76 78 71 85 69 63 83 66 67 88 82 77 81 70 84 89 61 62 92 104 90 91 97 58 98 56 57 95 55 65 96 87 53 52 54 64 86 50 51 49 100 60 101 46 45 94 47 59 93 43 48 42 44 40 41 99 39 103 38 35 36 37 32 31 30 34 29 26 25 27 33 23 24 22 28 18 17 21 19 20 102 15 16 14 11 13 10 12 9 7 8 6 5 2 4 1 3 0 75 
78 71 83 67 66 77 81 82 75 79 72 70 85 63 84 68 74 80 73 69 88 92 90 61 89 91 104 62 58 95 96 97 55 56 98 54 57 100 53 101 49 52 50 47 51 46 48 65 87 45 44 43 64 86 42 60 39 94 40 59 41 93 103 99 35 36 38 32 37 31 30 29 27 26 28 22 25 23 21 34 24 19 20 18 17 102 33 15 16 14 11 10 9 13 7 12 8 6 5 2 1 0 4 3 76 
81 82 70 83 67 84 66 76 78 71 85 63 75 79 72 90 91 68 74 80 73 92 88 95 104 69 58 96 61 89 62 100 55 101 97 54 56 98 49 53 57 50 48 47 52 46 44 51 43 45 39 65 87 42 40 86 64 60 41 103 94 93 59 99 35 36 31 32 30 38 29 37 28 27 26 21 22 23 20 25 19 102 18 24 17 34 14 15 33 16 11 10 9 6 13 7 5 8 12 2 1 0 4 3 77 
76 71 83 85 82 77 81 67 79 75 66 72 70 84 63 68 80 74 73 88 69 92 90 91 89 61 104 62 95 58 96 97 98 55 100 56 101 54 57 53 49 52 50 65 47 51 87 46 48 86 45 44 64 43 60 94 42 39 93 40 59 41 99 103 35 36 38 32 37 31 30 29 27 26 28 22 25 23 34 21 24 19 20 18 17 102 33 15 16 14 11 10 9 13 7 12 8 6 5 2 1 0 4 3 78 
75 72 80 74 73 78 68 76 71 85 69 83 63 88 66 67 82 77 81 70 89 84 61 92 62 104 90 97 91 98 58 95 96 56 65 87 57 55 53 86 52 64 54 100 101 50 51 60 49 94 46 93 45 47 59 43 48 42 44 99 40 41 39 103 38 35 36 37 32 31 30 34 29 26 25 27 33 23 24 22 28 18 21 17 19 20 102 15 16 14 11 13 10 12 9 7 8 6 5 2 4 1 3 0 79 
74 73 68 69 79 75 72 88 89 85 78 76 71 63 62 61 83 66 67 82 77 81 70 84 92 97 65 87 98 104 86 64 90 57 91 56 60 94 58 93 52 95 53 55 59 96 51 50 54 99 100 45 49 46 101 42 47 43 41 48 40 44 39 103 38 37 36 35 32 34 31 33 30 25 29 26 24 27 23 22 17 18 28 19 21 16 15 20 102 14 13 11 12 10 8 9 7 6 5 4 2 3 1 0 80 
77 82 83 70 84 67 78 76 66 71 85 79 63 75 72 90 91 92 68 80 74 73 95 88 96 69 104 58 89 61 100 101 62 97 55 54 56 98 53 49 57 50 48 47 52 46 44 51 43 45 39 87 65 42 86 64 40 94 60 41 103 93 59 99 35 36 31 32 30 38 29 37 28 27 26 21 22 23 20 25 19 102 18 24 34 17 14 15 33 16 11 10 9 6 13 7 5 8 12 2 1 0 4 3 81 
81 83 77 84 70 78 76 67 71 66 85 79 75 72 90 63 91 92 80 74 68 95 73 88 96 69 89 104 100 58 61 101 97 62 98 55 56 54 53 49 57 50 48 52 47 46 51 44 87 65 43 45 86 39 42 94 64 60 40 93 41 103 59 99 35 36 31 32 38 30 29 37 27 28 26 22 21 23 20 25 19 24 18 102 34 17 14 15 33 16 11 10 9 6 13 7 5 8 12 2 1 0 4 3 82 
82 81 77 78 84 76 71 70 85 67 66 79 75 72 63 90 91 92 80 74 68 73 88 95 69 96 89 61 104 100 58 97 101 62 98 55 56 54 53 57 49 50 52 47 48 87 51 46 65 44 86 45 43 64 94 39 42 60 93 40 41 59 99 103 35 36 38 32 31 30 37 29 27 28 26 22 21 23 25 20 19 24 34 18 102 17 33 15 14 16 11 10 9 13 6 7 8 12 5 2 1 0 4 3 83 
82 83 81 77 78 85 70 76 67 71 90 66 91 79 75 92 72 95 63 96 88 80 74 73 68 100 89 101 69 97 104 61 58 98 62 55 56 54 53 49 57 50 52 48 47 87 46 51 65 44 86 94 43 45 93 64 39 42 60 99 40 41 59 103 35 36 31 32 38 30 37 29 27 28 26 21 22 23 20 25 19 24 18 102 34 17 14 33 15 16 11 10 9 6 13 7 5 8 12 2 1 0 4 3 84 
78 83 76 79 75 71 84 82 72 81 77 88 92 80 67 74 70 66 73 68 89 90 63 91 69 95 97 96 98 100 61 101 62 104 58 87 55 56 86 65 94 57 54 53 93 64 52 49 50 99 51 60 47 46 48 45 59 44 43 42 40 39 41 103 38 35 36 37 32 31 30 29 34 27 26 25 28 22 23 21 24 33 19 18 20 17 102 15 16 14 11 10 9 13 12 7 8 6 5 2 1 4 0 3 85 
87 93 94 65 64 99 89 69 80 88 74 73 98 60 68 59 97 79 75 62 72 61 85 92 78 76 71 63 83 57 66 82 67 84 81 77 52 70 104 56 51 90 91 53 95 45 96 50 38 100 42 101 37 41 55 58 46 54 40 43 49 47 44 48 34 36 103 33 39 35 32 25 24 26 17 23 16 31 13 30 18 12 15 29 27 22 19 28 21 102 20 11 14 8 4 7 3 10 9 2 6 5 1 0 86 
86 93 94 65 64 99 89 69 88 80 74 98 73 68 97 60 79 59 75 72 62 85 61 92 78 76 71 63 83 82 66 84 67 81 77 57 70 104 52 90 91 56 95 96 51 53 100 101 45 50 58 55 42 38 41 46 37 54 40 43 49 47 44 48 103 36 39 34 33 35 32 25 24 26 17 31 23 16 30 13 18 29 27 15 12 22 19 28 21 102 20 11 14 8 4 7 3 10 9 2 6 5 1 0 87 
89 80 85 97 92 79 74 98 75 73 72 68 69 78 76 83 71 84 82 81 77 90 91 87 63 67 66 70 95 94 96 86 93 100 62 61 101 99 65 64 104 60 58 57 56 59 55 52 53 54 51 50 49 45 46 47 42 43 48 44 41 40 39 103 38 37 36 35 32 34 31 33 30 29 25 26 27 24 23 22 28 17 18 19 21 16 15 20 102 14 11 13 12 10 9 8 7 6 5 4 2 3 1 0 88 
88 80 98 97 74 73 79 85 92 75 69 68 72 87 78 76 94 71 86 83 93 84 82 81 63 99 77 90 91 65 67 66 70 95 62 96 61 64 100 101 60 104 59 57 56 58 52 53 55 51 54 50 45 49 46 42 47 43 41 40 48 44 39 38 103 37 36 35 34 32 33 31 30 25 26 29 24 27 23 17 22 18 28 19 16 21 15 20 102 13 14 11 12 10 8 7 9 4 6 5 2 3 1 0 89 
91 95 96 84 100 92 101 82 83 85 81 77 78 76 70 71 67 88 66 97 79 75 72 89 98 80 74 63 73 68 69 61 104 58 62 94 87 55 93 56 54 86 99 53 57 49 65 50 52 48 47 64 51 46 44 45 43 60 39 42 59 40 41 103 35 36 38 31 32 30 37 29 28 27 21 26 22 20 23 25 19 102 24 18 34 17 33 14 15 16 11 10 9 6 13 5 7 8 12 2 1 0 4 3 90 
90 95 96 100 101 92 84 82 83 85 81 77 78 76 70 71 67 97 88 66 79 75 72 89 98 80 74 63 73 68 69 61 104 58 62 94 87 55 93 99 86 56 54 53 65 57 49 50 52 48 47 64 51 46 44 45 60 43 39 42 59 40 41 103 35 36 38 31 32 30 37 29 28 27 21 26 22 20 23 25 19 102 34 24 18 17 33 14 15 16 11 10 9 6 13 7 5 8 12 2 1 0 4 3 91 
97 91 90 85 88 95 96 98 100 84 89 101 83 82 78 79 76 81 75 77 71 80 72 74 73 70 67 66 68 69 63 94 87 93 61 99 86 62 104 65 58 64 55 56 57 54 53 60 52 49 50 59 51 47 46 48 45 44 43 42 40 39 41 103 38 35 36 37 32 31 30 29 34 27 26 25 28 33 22 23 24 21 19 18 20 17 102 15 16 14 11 10 13 9 12 7 8 6 5 2 1 4 0 3 92 
94 99 87 86 98 89 97 88 65 64 80 74 69 73 68 92 79 75 72 85 60 59 62 78 76 71 61 83 63 84 82 91 95 90 96 100 81 101 77 67 66 70 57 104 52 56 51 53 45 58 50 55 42 38 46 54 41 37 40 43 49 47 44 48 39 103 36 34 33 35 32 25 24 26 31 17 23 30 16 13 29 18 27 15 12 22 19 28 21 102 20 11 14 8 4 7 3 10 9 2 6 5 1 0 93 
93 99 87 86 98 89 97 88 65 64 80 74 69 73 92 68 79 75 85 72 60 78 76 59 62 71 83 61 84 95 96 91 63 90 82 100 101 81 77 67 66 70 57 104 52 56 51 53 58 45 50 55 42 54 46 41 38 49 43 37 40 47 44 48 39 103 36 34 35 33 32 25 24 26 31 30 17 23 16 29 27 18 13 15 22 12 19 28 21 102 20 11 14 8 7 4 3 10 9 2 6 5 1 0 94 
96 91 100 90 101 92 84 85 82 83 81 97 77 78 88 76 98 70 71 67 79 89 75 66 72 80 74 73 63 68 69 61 94 104 58 62 87 93 99 86 55 56 65 54 57 53 49 64 52 50 48 47 51 46 44 60 45 43 59 39 42 40 41 103 35 36 38 31 32 37 30 29 28 27 21 26 22 20 23 25 19 34 24 102 18 17 33 14 15 16 11 10 9 13 6 7 5 8 12 2 1 0 4 3 95 
95 100 91 101 90 92 84 85 82 83 97 81 77 78 88 98 76 70 71 67 89 79 75 66 72 80 74 73 63 68 69 94 61 104 87 99 58 93 62 86 55 65 56 54 57 53 64 49 52 50 48 47 51 46 60 44 45 43 59 39 42 40 41 103 35 36 38 31 32 37 30 29 28 27 21 26 22 20 23 25 19 34 24 102 18 17 33 14 15 16 11 10 9 13 6 7 5 8 12 2 1 0 4 3 96 
98 92 88 89 85 96 95 100 91 101 94 90 80 79 74 75 99 93 73 84 78 72 83 87 76 82 69 68 71 81 86 77 67 70 66 63 65 62 61 64 104 60 58 59 57 56 55 52 53 54 51 50 49 45 46 47 42 43 48 44 41 40 39 103 38 37 36 35 32 34 31 33 30 29 25 26 27 24 23 22 28 17 18 21 19 16 20 15 102 14 13 11 12 10 9 8 7 6 5 4 2 3 1 0 97 
97 89 88 92 94 99 93 85 80 87 74 79 96 95 100 75 73 101 91 86 90 72 69 78 68 83 84 76 71 82 81 77 67 70 66 65 63 64 62 61 60 104 59 58 57 56 52 55 53 51 54 50 45 49 46 47 42 43 48 41 44 40 39 38 103 37 36 35 34 32 33 31 30 25 29 26 24 27 23 22 17 18 28 19 21 16 15 20 102 13 14 11 12 10 8 9 7 6 4 5 3 2 1 0 98 
94 93 87 86 98 97 89 88 65 64 80 92 74 69 73 68 79 85 75 72 78 60 76 59 100 101 96 95 71 83 62 91 90 84 82 61 63 81 77 67 66 70 104 57 52 56 51 53 58 45 55 50 54 42 46 38 41 49 37 43 40 47 44 48 39 103 36 34 35 33 32 25 24 26 31 17 30 23 16 29 27 18 13 15 22 12 19 28 21 102 20 11 14 8 4 7 3 10 9 2 6 5 1 0 99 
101 96 95 91 90 92 97 84 85 82 83 98 81 88 77 78 76 89 70 71 79 67 75 66 72 80 74 73 68 63 69 94 99 93 87 61 104 62 86 58 55 65 56 54 64 57 53 49 52 50 48 47 60 51 46 44 45 59 43 39 42 40 41 103 35 38 36 31 37 32 30 29 28 27 26 21 22 23 20 25 34 19 24 18 102 33 17 14 15 16 11 10 9 13 6 7 5 12 8 2 1 0 4 3 100 
100 96 95 91 90 92 97 84 85 98 82 83 88 81 77 78 89 76 70 71 79 67 75 66 72 80 74 73 68 63 69 94 99 93 87 61 86 62 104 58 65 55 56 64 54 57 53 49 52 50 48 47 60 51 46 44 59 45 43 39 42 40 41 103 35 38 36 37 31 32 30 29 28 27 26 21 22 23 25 20 34 19 24 18 102 33 17 14 15 16 11 10 9 13 6 7 12 5 8 2 1 0 4 3 101 
20 19 14 21 22 28 27 29 30 11 31 10 18 23 9 32 26 6 15 5 17 24 25 2 16 7 1 0 35 103 8 36 39 44 40 43 48 47 46 41 42 49 50 45 54 51 53 13 55 52 34 56 12 4 33 57 58 3 38 104 37 61 62 63 66 60 59 67 70 68 71 72 69 76 73 77 75 78 81 79 74 80 83 82 65 64 84 85 88 89 90 91 87 86 92 95 96 97 98 100 93 94 101 99 102 
39 44 43 47 46 40 32 35 48 49 42 50 31 45 41 54 30 36 53 29 51 55 27 56 26 52 22 23 28 19 57 25 18 21 24 20 102 58 17 104 15 14 16 11 61 10 62 38 9 34 37 63 7 33 8 6 5 2 66 13 67 60 68 70 1 71 59 72 69 12 0 73 76 75 78 74 77 79 80 81 83 82 4 65 64 85 84 3 88 89 90 87 86 92 91 95 97 96 98 94 93 100 101 99 103 
55 58 56 54 53 61 49 63 50 57 47 52 46 62 51 48 44 43 66 45 67 71 42 68 72 70 39 76 40 75 78 73 69 79 41 77 74 103 81 80 83 82 85 84 35 60 36 88 59 65 32 89 31 64 30 38 90 92 29 91 27 37 26 28 22 25 23 21 24 19 87 18 20 95 86 17 102 97 96 34 98 15 16 14 33 100 11 101 94 93 10 9 13 7 99 8 6 12 5 2 1 0 4 3 104 