1
150
26524
1 1380 939
2 2848 96
3 3510 1671
4 457 334
5 3888 666
6 984 965
7 2721 1482
8 1286 525
9 2716 1432
10 738 1325
11 1251 1832
12 2728 1698
13 3815 169
14 3683 1533
15 1247 1945
16 123 862
17 1234 1946
18 252 1240
19 611 673
20 2576 1676
21 928 1700
22 53 857
23 1807 1711
24 274 1420
25 2574 946
26 178 24
27 2678 1825
28 1795 962
29 3384 1498
30 3520 1079
31 1256 61
32 1424 1728
33 3913 192
34 3085 1528
35 2573 1969
36 463 1670
37 3875 598
38 298 1513
39 3479 821
40 2542 236
41 3955 1743
42 1323 280
43 3447 1830
44 2936 337
45 1621 1830
46 3373 1646
47 1393 1368
48 3874 1318
49 938 955
50 3022 474
51 2482 1183
52 3854 923
53 376 825
54 2519 135
55 2945 1622
56 953 268
57 2628 1479
58 2097 981
59 890 1846
60 2139 1806
61 2421 1007
62 2290 1810
63 1115 1052
64 2588 302
65 327 265
66 241 341
67 1917 687
68 2991 792
69 2573 599
70 19 674
71 3911 1673
72 872 1559
73 2863 558
74 929 1766
75 839 620
76 3893 102
77 2178 1619
78 3822 899
79 378 1048
80 1178 100
81 2599 901
82 3416 143
83 2961 1605
84 611 1384
85 3113 885
86 2597 1830
87 2586 1286
88 161 906
89 1429 134
90 742 1025
91 1625 1651
92 1187 706
93 1787 1009
94 22 987
95 3640 43
96 3756 882
97 776 392
98 1724 1642
99 198 1810
100 3950 1558
101 3477 949
102 91 1732
103 3972 329
104 198 1632
105 1806 733
106 538 1023
107 3430 1088
108 2186 766
109 1513 1646
110 2143 1611
111 53 1657
112 3404 1307
113 1034 1344
114 2823 376
115 3104 1931
116 3232 324
117 2790 1457
118 374 9
119 741 146
120 3083 1938
121 3502 1067
122 1280 237
123 3326 1846
124 217 38
125 2503 1172
126 3527 41
127 739 1850
128 3548 1999
129 48 154
130 1419 872
131 1689 1223
132 3468 1404
133 1628 253
134 382 872
135 3029 1242
136 3646 1758
137 285 1029
138 1782 93
139 1067 371
140 2849 1214
141 920 1835
142 1741 712
143 876 220
144 2753 283
145 2609 1286
146 3941 258
147 3613 523
148 1754 559
149 2916 1724
150 2445 1820
EOF

129 62 91 5 92 27 130 7 141 46 48 104 112 147 66 74 89 138 41 121 57 108 132 9 90 97 31 55 71 88 18 96 107 105 79 142 22 20 30 83 10 44 137 73 133 140 78 52 14 109 16 118 58 60 76 136 3 126 50 124 59 17 35 24 23 87 80 37 68 64 86 15 61 144 65 21 39 93 56 63 103 117 149 69 53 19 8 6 98 123 139 116 85 110 25 101 143 72 128 11 113 26 34 67 43 134 1 49 54 82 148 84 33 115 119 114 106 111 28 100 38 45 120 131 29 122 81 42 2 146 125 95 13 135 127 94 77 51 36 4 47 12 70 32 99 75 145 102 40 0 
143 43 113 53 63 39 49 115 72 81 68 125 67 94 84 80 146 24 107 38 12 60 75 100 137 32 66 145 139 124 36 50 102 106 134 57 120 4 147 29 95 144 86 104 132 77 141 51 111 8 116 27 6 56 92 88 131 33 28 82 54 41 121 30 47 19 11 130 7 129 148 45 13 76 79 109 0 2 26 85 91 149 138 61 122 99 42 135 59 114 119 34 70 55 97 22 46 142 90 62 40 127 108 5 74 96 48 118 44 31 112 89 18 10 3 9 14 16 71 117 105 20 64 73 52 83 133 140 65 58 123 78 25 136 126 128 87 15 17 35 69 23 21 37 93 103 98 110 101 1 
45 135 42 28 13 122 131 127 111 70 33 40 99 114 119 47 82 54 106 29 148 120 134 100 116 11 139 6 51 95 8 77 26 38 84 56 85 19 144 34 86 67 4 149 124 36 50 146 24 80 61 60 72 49 76 109 115 59 102 68 43 113 145 81 12 32 57 143 107 75 125 94 63 22 1 39 97 53 92 27 66 130 90 44 104 108 141 147 31 46 129 0 10 14 16 137 132 62 112 7 91 20 73 88 41 140 5 58 71 121 48 138 30 126 9 79 89 74 83 55 142 96 105 35 18 118 78 37 133 23 52 17 136 103 98 3 101 87 110 64 15 65 117 21 93 69 123 25 128 2 
64 65 96 117 118 18 123 25 142 128 74 52 55 133 69 138 15 87 21 105 136 78 89 79 48 93 91 5 121 30 7 41 17 62 88 9 83 23 129 0 112 132 37 71 147 103 35 141 137 110 46 104 20 101 27 92 98 66 73 130 126 140 58 108 10 31 90 57 107 16 14 97 44 22 53 60 39 109 63 68 76 50 24 124 80 59 143 86 61 144 113 1 72 56 43 149 19 8 6 139 49 67 116 85 11 34 26 84 134 115 54 82 148 33 81 38 106 119 100 125 114 111 120 28 29 146 131 94 45 122 2 42 95 12 77 36 13 75 4 51 32 145 135 127 102 47 99 70 40 3 
36 77 95 51 146 102 145 38 32 100 12 29 120 75 106 47 94 81 125 115 111 84 131 49 13 99 67 28 43 70 72 134 2 40 113 45 135 139 33 1 143 42 122 80 68 82 54 24 63 116 127 8 39 144 6 148 86 53 124 114 50 56 119 60 11 19 26 107 85 57 149 34 76 61 66 109 104 59 27 92 147 141 137 130 132 22 97 90 129 88 0 44 108 46 41 7 121 31 30 91 79 62 138 10 5 112 14 16 55 48 142 74 96 20 71 73 89 118 140 9 58 18 83 126 105 3 133 52 78 35 117 64 136 65 17 37 23 123 87 25 15 103 21 98 69 128 93 101 110 4 
48 62 89 91 74 112 0 9 129 105 18 7 83 46 138 71 133 96 78 52 55 136 20 130 142 41 17 121 141 73 92 27 3 87 23 104 118 108 15 147 140 35 37 31 58 79 10 126 21 90 88 30 64 132 93 65 66 97 69 16 14 103 44 22 57 117 98 110 101 137 123 107 128 25 109 76 59 60 50 124 61 24 80 68 86 144 149 39 56 63 19 53 8 6 85 116 34 139 11 143 26 72 113 67 43 1 134 54 148 82 49 84 33 119 114 115 111 106 28 45 100 38 122 120 131 29 81 42 2 146 125 13 127 95 135 94 77 51 47 36 4 12 70 99 32 75 145 102 40 5 
8 116 56 11 144 86 19 54 82 139 148 26 33 85 124 50 134 149 34 61 24 76 60 119 114 109 80 28 59 45 111 122 84 67 131 57 42 2 106 120 107 29 68 100 72 22 13 135 127 38 97 92 49 27 130 90 113 66 44 43 47 104 63 95 143 70 108 99 77 141 39 40 51 115 146 31 46 147 53 1 4 129 0 36 81 10 14 16 132 125 62 137 112 102 94 12 91 7 145 32 20 75 5 73 140 41 71 48 58 88 121 9 138 126 89 30 74 79 83 55 96 105 142 18 35 78 118 133 37 52 23 136 17 103 3 98 87 101 15 110 64 65 21 93 117 69 123 25 128 6 
91 41 138 121 129 88 55 0 132 79 74 30 147 141 142 96 5 48 62 104 66 137 118 27 18 92 89 130 46 3 112 105 57 107 52 133 9 64 78 117 65 83 71 136 108 123 90 87 97 15 31 25 20 60 17 69 21 39 68 73 128 53 22 10 63 93 44 23 24 140 50 80 124 58 109 37 35 76 14 16 126 143 86 144 59 113 103 72 1 61 56 43 110 98 8 101 139 6 67 19 49 149 116 85 11 84 134 26 34 115 54 82 148 33 81 38 106 100 111 120 119 125 114 29 28 146 131 45 94 122 95 2 42 12 77 36 51 13 4 75 32 135 145 102 127 47 99 70 40 7 
6 116 56 144 86 139 11 19 54 82 124 50 148 134 33 26 85 149 24 60 80 34 61 76 109 119 114 28 84 59 45 67 111 122 131 57 106 2 42 68 107 120 29 72 100 22 13 38 135 49 127 97 92 27 130 113 66 90 43 63 104 143 47 44 95 39 141 70 108 115 77 99 51 40 146 147 53 31 46 1 4 129 0 36 81 10 14 16 132 125 137 62 94 102 12 112 7 91 145 32 75 5 20 41 73 88 48 140 71 121 58 138 9 30 89 126 79 74 83 55 96 142 105 18 35 118 78 133 52 37 23 136 17 3 103 98 87 101 15 64 110 65 21 93 117 69 123 25 128 8 
83 71 112 89 105 20 48 5 35 78 62 23 37 73 17 126 136 140 58 133 52 103 46 18 74 87 10 98 0 110 101 91 15 93 16 31 14 129 21 108 96 90 130 7 69 138 44 3 97 55 92 65 142 27 22 64 141 118 41 121 104 147 79 66 128 117 30 88 123 132 57 25 109 76 59 107 137 61 60 50 124 149 86 19 144 24 56 80 85 34 68 8 6 26 11 116 39 63 139 53 148 54 82 72 143 113 134 67 33 43 84 119 49 1 114 122 28 45 111 115 106 131 42 100 120 38 29 2 127 81 135 13 146 95 125 77 47 51 94 70 4 36 99 40 12 32 145 75 102 9 
14 16 31 108 73 140 20 58 44 90 71 46 97 126 112 22 9 130 83 62 35 59 0 5 109 48 76 89 129 92 37 27 61 98 23 103 105 91 17 101 78 149 57 110 141 104 136 74 133 7 18 66 34 19 52 85 147 50 124 107 56 26 87 60 86 144 138 11 15 93 6 96 8 21 41 116 24 55 121 132 80 142 148 69 3 54 88 139 82 79 118 30 65 68 137 64 119 114 33 134 117 67 63 39 72 128 123 122 84 25 53 45 113 143 28 42 111 49 43 131 2 106 127 1 120 29 100 135 38 13 115 70 47 95 146 40 99 77 81 51 4 125 36 94 12 102 145 32 75 10 
26 19 85 148 6 54 56 116 82 8 149 34 33 119 144 86 114 61 139 134 76 50 124 109 59 122 45 28 42 60 24 111 2 131 80 127 84 135 22 106 67 57 13 120 29 97 100 107 90 68 44 130 72 38 92 70 27 47 108 40 99 49 66 31 95 113 104 77 51 46 43 141 63 143 115 146 39 10 147 14 16 0 129 4 53 36 1 81 112 62 20 73 140 132 91 125 58 102 7 71 137 12 145 94 5 32 48 75 126 41 9 88 121 89 138 83 74 30 79 35 55 105 96 18 142 37 78 23 133 52 17 118 103 98 136 101 3 110 87 15 64 93 21 65 69 117 123 25 128 11 
32 75 145 94 102 125 81 146 36 4 115 95 77 38 51 49 100 43 120 29 1 106 84 113 72 67 143 47 111 63 39 131 53 68 134 13 99 28 80 139 24 70 2 45 33 40 135 60 144 116 124 86 82 8 50 54 42 6 107 122 56 148 127 11 57 114 119 19 66 26 137 85 104 147 141 149 27 34 76 132 92 109 61 59 130 88 41 129 22 121 0 7 97 30 79 90 91 46 108 44 138 62 31 55 142 5 48 74 112 96 10 118 14 16 89 18 71 20 9 73 140 3 58 105 83 117 64 52 133 126 78 65 123 136 25 35 17 87 23 15 37 128 21 69 93 103 98 101 110 12 
2 135 131 70 99 47 28 45 40 111 42 122 29 127 120 106 33 100 51 77 95 114 134 119 82 38 54 148 84 4 139 116 36 6 11 8 146 67 26 56 144 19 86 85 34 124 102 49 50 24 80 149 72 115 145 32 60 12 43 81 61 113 75 68 94 125 76 109 143 59 63 1 57 107 39 53 22 66 97 92 27 130 104 90 44 141 147 108 31 46 129 0 137 132 10 14 16 7 62 91 88 112 41 121 5 20 73 140 48 58 71 30 138 79 9 126 89 74 55 83 142 96 105 18 35 118 78 133 52 37 23 136 3 17 103 98 87 64 101 15 110 65 117 21 93 69 123 25 128 13 
16 10 31 140 73 58 44 108 20 90 126 71 97 46 22 112 9 35 130 83 59 62 109 76 0 5 48 37 89 61 98 92 129 103 23 27 105 101 149 17 110 91 78 57 34 136 141 104 85 19 133 74 52 7 18 66 26 50 56 124 147 86 11 60 87 107 144 6 93 8 15 138 21 116 96 24 41 148 55 80 121 54 132 82 139 142 69 3 88 119 79 114 118 30 33 68 65 64 134 137 122 67 63 117 72 39 84 45 128 123 28 25 42 53 113 143 111 2 131 127 49 43 106 135 120 29 100 1 13 38 115 70 47 40 95 99 146 77 51 81 4 36 125 94 12 102 145 32 75 14 
87 21 93 69 136 52 133 78 17 105 18 65 23 3 64 89 37 128 83 74 9 103 110 96 48 123 25 5 101 35 117 118 98 142 62 55 71 112 138 91 20 126 7 73 58 140 0 129 79 121 41 46 30 10 88 16 14 31 108 130 132 141 147 92 27 104 90 97 44 66 137 22 57 107 109 76 59 60 61 50 124 24 68 80 39 86 53 149 144 63 56 19 8 85 6 34 143 26 116 11 113 139 72 1 43 67 54 148 49 134 82 84 33 119 115 114 111 106 28 45 122 100 38 81 120 131 29 42 2 125 146 127 94 13 95 135 77 51 12 36 4 47 75 32 145 70 102 99 40 15 
14 10 31 140 73 58 20 44 108 90 126 71 97 46 22 112 9 35 83 130 62 59 109 76 5 0 37 48 89 98 61 103 92 129 23 27 105 101 17 110 149 78 91 57 136 141 34 104 85 19 133 74 52 18 7 66 26 50 56 147 124 87 86 11 60 107 144 93 15 6 8 138 21 96 116 41 24 148 55 121 80 132 54 69 82 142 139 3 88 79 119 118 114 30 65 33 68 64 134 137 122 67 117 63 72 128 39 84 45 123 25 28 42 53 113 143 111 2 131 127 49 43 106 135 120 29 1 100 13 38 115 70 47 40 95 99 146 77 51 81 4 36 125 94 12 102 145 32 75 16 
23 136 78 37 93 87 105 83 133 103 15 21 52 110 35 9 101 89 98 69 18 71 48 126 5 112 20 74 73 58 62 140 65 3 64 96 91 128 46 10 0 138 142 55 118 123 16 25 14 129 117 7 31 108 90 121 130 41 79 44 97 30 92 27 141 88 22 104 147 132 66 57 137 109 76 59 107 61 60 50 124 149 86 24 144 19 80 56 68 85 34 8 6 26 39 63 11 53 116 139 143 72 148 113 54 82 67 134 43 1 33 49 84 119 114 115 122 28 45 111 106 131 100 42 38 120 29 2 81 127 135 146 13 125 95 77 94 51 47 36 4 70 99 12 40 32 75 145 102 17 
74 52 133 96 105 3 89 48 78 5 136 64 65 87 15 142 55 118 138 91 21 69 62 9 93 17 7 117 83 123 128 25 112 121 79 41 0 23 129 30 37 71 88 35 103 46 20 132 110 141 73 147 101 126 104 140 58 98 130 27 92 66 137 10 108 31 90 16 14 97 57 44 107 22 109 76 60 59 50 124 68 39 24 53 80 63 61 86 144 149 56 143 19 113 8 72 6 85 139 1 116 43 34 11 26 67 49 134 84 54 82 148 33 115 119 114 106 81 111 38 100 28 120 45 29 131 122 125 146 42 2 94 95 13 77 127 135 12 51 36 4 47 75 32 145 102 70 99 40 18 
11 85 26 149 56 6 8 34 116 61 148 54 86 82 144 76 109 59 50 124 33 139 119 114 134 60 24 122 22 80 45 28 57 97 42 111 131 2 90 84 44 67 107 130 127 92 106 27 108 135 68 120 13 29 31 72 100 66 104 46 38 141 49 113 10 70 47 14 16 63 99 40 43 147 143 0 129 95 39 77 51 115 53 146 112 62 1 20 73 4 140 36 91 58 71 132 7 5 81 137 48 126 9 41 125 88 121 102 89 94 12 145 83 138 32 74 75 30 79 35 105 55 18 96 142 37 78 23 133 52 17 103 136 98 118 101 3 110 87 15 93 21 64 65 69 117 123 25 128 19 
73 140 58 71 126 10 112 16 14 9 83 35 31 46 108 37 62 90 89 44 23 103 5 98 48 105 97 17 101 78 110 22 0 130 136 129 133 91 52 18 74 92 87 27 93 15 21 59 109 7 76 141 104 96 138 61 69 57 147 66 55 3 41 142 121 149 65 64 118 107 132 79 50 88 60 19 124 34 30 85 86 56 144 26 117 128 11 6 8 123 24 137 25 80 116 68 139 148 54 82 134 33 119 63 39 114 53 72 67 143 113 84 122 43 49 45 28 1 111 42 131 106 2 127 120 100 29 115 38 135 13 146 81 95 47 70 77 99 40 51 125 4 36 94 12 102 145 32 75 20 
15 87 93 69 136 52 133 78 17 105 65 18 23 64 3 37 128 89 83 103 110 74 9 123 25 96 101 48 117 35 5 98 118 142 55 71 62 112 138 91 126 20 73 7 58 140 0 79 129 121 41 46 30 10 88 16 14 31 108 130 132 141 147 92 27 104 90 44 97 66 137 22 57 107 109 76 59 60 61 50 124 24 68 80 39 86 53 149 144 63 56 19 8 85 6 34 143 26 116 11 113 139 72 1 43 67 54 148 49 134 82 84 33 119 115 114 111 106 28 45 122 100 38 81 120 131 29 42 2 125 146 127 94 13 95 135 77 51 12 36 4 47 75 32 145 70 102 99 40 21 
97 90 44 108 59 109 76 31 61 130 46 10 14 16 149 92 27 19 57 85 34 56 112 50 26 20 73 124 0 86 140 144 11 129 58 60 6 71 8 62 104 141 116 107 66 126 24 148 5 80 9 54 48 147 139 82 91 83 89 33 7 119 134 114 35 68 105 74 132 67 41 37 122 138 84 23 72 121 45 78 18 28 63 103 98 137 88 17 42 111 39 133 136 96 55 113 52 131 2 143 101 53 79 49 106 30 110 142 127 43 120 29 87 100 135 13 15 38 118 1 93 3 21 115 69 64 65 47 70 95 40 99 146 77 51 117 81 123 4 25 36 128 125 94 12 102 145 32 75 22 
37 17 103 35 110 83 101 78 136 98 9 105 93 87 133 15 52 21 89 71 126 20 73 58 112 140 69 48 18 5 62 74 10 65 16 3 14 46 96 64 91 31 0 108 129 128 138 55 142 7 118 90 123 25 44 117 130 97 41 121 22 92 27 79 141 30 104 147 88 132 66 57 109 59 76 137 107 61 60 149 50 124 19 86 144 24 56 85 34 80 26 68 8 6 11 116 39 63 139 53 148 54 82 143 72 113 134 67 33 119 43 114 84 1 49 122 45 28 111 115 106 131 42 100 2 120 38 29 127 135 81 13 146 95 125 77 47 51 94 70 99 4 36 40 12 32 145 75 102 23 
80 60 124 50 86 144 68 139 107 67 57 72 8 56 84 134 116 6 113 63 49 143 66 43 39 19 82 11 54 33 27 76 92 109 104 53 148 141 106 149 85 26 1 100 111 115 147 61 38 130 120 29 59 28 131 34 45 22 97 119 114 146 129 81 137 122 132 90 2 95 0 42 77 46 13 108 51 44 125 4 135 36 47 7 31 94 88 91 41 127 62 12 121 99 70 102 145 32 75 30 5 112 10 40 138 79 48 14 16 55 74 71 20 89 73 142 9 140 96 58 18 118 83 105 126 133 78 52 3 35 136 17 37 23 64 117 65 87 15 103 21 123 98 93 25 69 101 110 128 24 
123 128 117 64 65 3 118 69 96 142 18 55 52 15 21 133 87 74 138 93 79 136 78 105 30 121 89 41 48 7 17 91 5 88 62 23 9 83 132 37 129 0 112 137 103 110 147 35 71 141 101 104 98 46 20 66 27 92 73 126 130 58 140 108 10 31 107 57 90 16 14 97 44 53 22 39 63 60 68 109 76 24 80 50 143 124 59 113 1 86 72 144 61 43 56 49 149 8 19 67 139 6 116 85 11 84 115 26 34 134 54 82 148 81 33 125 38 106 100 94 146 111 119 120 114 29 28 131 45 122 12 95 75 2 42 32 36 77 4 145 51 102 13 135 127 47 99 70 40 25 
85 11 34 19 149 148 54 6 56 82 116 61 8 119 114 33 59 76 144 86 109 139 122 50 124 134 45 42 28 2 60 22 24 127 111 131 80 135 97 57 84 13 106 44 90 67 120 29 130 107 108 100 92 68 27 70 31 40 72 38 47 99 46 66 49 104 10 95 14 16 141 113 77 51 43 63 143 147 0 129 39 115 146 4 53 112 36 1 62 73 20 140 58 71 81 91 132 5 7 126 48 137 125 102 9 12 145 94 32 41 89 88 75 83 121 138 74 35 30 105 79 55 18 96 37 142 78 23 98 133 103 17 52 136 118 101 110 3 87 15 93 21 64 65 69 117 123 25 128 26 
92 104 141 130 66 57 129 147 0 107 46 60 91 7 97 62 90 50 132 109 124 108 22 76 24 80 5 41 31 112 86 48 68 137 144 44 121 88 59 138 56 61 74 10 63 8 39 30 89 19 79 6 149 139 55 53 71 116 9 14 16 20 72 96 143 142 73 85 113 11 67 18 26 140 83 105 58 134 34 43 49 84 54 82 118 148 1 126 33 133 78 52 3 35 136 17 115 23 37 119 64 114 87 106 111 65 15 28 100 38 120 117 45 29 131 103 21 122 93 69 98 81 123 2 42 25 101 146 110 128 125 95 13 135 77 127 51 94 47 36 4 12 70 99 32 145 75 102 40 27 
131 45 111 2 13 33 42 122 135 106 82 134 29 120 54 114 148 47 127 119 70 100 99 116 139 40 6 84 8 38 11 95 77 51 56 26 144 67 86 19 85 34 124 50 4 24 80 149 146 36 72 60 49 61 115 68 76 43 109 113 59 102 81 145 143 57 12 107 32 63 125 94 75 1 39 22 53 97 92 66 27 130 104 90 44 141 108 147 31 46 129 0 137 132 10 14 16 62 7 91 112 88 41 121 5 20 73 140 48 71 58 30 138 79 9 126 89 74 55 83 142 96 105 18 35 118 78 133 52 37 23 136 17 3 103 98 87 64 101 15 110 65 117 21 93 69 123 25 128 28 
120 106 100 111 38 95 131 77 51 47 28 84 13 134 4 146 45 2 36 67 33 99 139 135 70 42 82 49 54 122 40 115 116 72 102 8 148 6 127 145 144 80 81 43 114 24 12 86 119 32 56 113 11 124 125 50 94 75 68 60 143 19 26 85 1 63 39 34 149 107 53 57 61 76 109 59 66 27 92 104 141 22 130 147 97 90 137 44 132 108 129 0 46 31 88 7 41 91 10 121 62 14 16 30 112 79 5 138 48 20 73 71 55 140 74 58 89 142 9 96 126 83 118 18 105 35 78 133 3 52 136 37 23 17 64 117 65 87 103 98 15 123 21 101 93 25 110 69 128 29 
79 121 88 41 138 55 142 132 7 118 137 96 91 74 147 141 129 3 104 117 0 18 66 5 48 64 62 123 27 65 25 92 89 52 107 133 105 128 130 57 53 39 112 46 78 63 9 136 69 87 15 68 21 83 60 143 93 71 17 80 24 1 113 108 90 97 50 124 20 31 23 72 43 73 22 37 10 109 35 44 140 86 76 49 58 144 126 67 14 16 103 59 139 56 115 110 8 61 84 101 6 98 116 19 149 134 81 11 85 26 125 54 82 34 33 38 148 94 100 146 106 120 29 111 12 28 131 119 114 95 75 45 32 36 145 77 4 102 122 51 2 42 13 47 135 127 99 70 40 30 
108 10 90 44 14 16 97 46 22 73 20 140 58 112 130 71 126 59 109 62 76 0 9 92 27 129 61 5 83 48 35 89 57 149 91 141 104 105 37 66 19 34 85 50 23 7 124 147 107 56 98 60 103 86 78 74 26 144 17 11 6 8 18 101 136 133 110 52 24 116 138 80 41 96 132 148 121 87 139 54 55 82 15 93 88 142 68 21 79 119 33 137 30 134 114 3 118 69 65 67 64 63 72 39 84 122 53 113 45 143 28 117 111 42 49 43 131 123 2 128 106 25 127 1 120 29 100 135 38 13 115 95 47 70 146 40 99 77 81 51 4 125 36 94 12 102 145 32 75 31 
145 75 12 102 94 36 125 146 4 81 115 95 77 51 38 100 49 120 29 43 106 84 1 67 113 72 47 143 111 131 63 13 99 39 134 53 68 28 139 70 80 2 24 45 40 33 135 116 60 144 42 82 124 86 8 54 50 122 6 56 107 148 127 11 114 119 57 19 26 66 85 137 104 147 149 34 141 76 27 109 92 132 61 59 130 88 129 41 22 97 121 0 7 30 90 79 91 46 108 44 138 31 62 55 5 142 48 112 74 10 96 118 14 16 89 71 18 20 9 73 140 58 3 105 83 117 126 64 52 133 78 65 123 136 25 35 17 87 23 15 37 128 21 69 93 103 98 101 110 32 
82 54 148 134 28 116 45 6 8 111 139 11 122 114 131 119 2 56 42 26 19 144 86 106 85 13 135 120 29 84 127 34 124 50 100 149 67 24 80 38 47 70 60 61 99 40 76 95 109 77 51 59 72 49 68 57 146 4 107 113 43 115 36 143 22 63 97 92 39 27 81 130 66 1 90 102 44 53 104 145 12 125 32 141 108 94 75 147 31 46 129 0 10 14 16 132 137 62 112 7 91 41 20 88 73 5 140 71 58 121 48 138 30 9 126 79 89 74 55 83 142 96 105 18 35 118 78 133 37 52 23 136 17 3 103 98 87 101 64 110 15 65 21 117 93 69 123 25 128 33 
85 26 149 19 11 61 148 59 56 6 54 119 76 82 114 8 116 109 33 86 144 122 50 124 139 22 134 45 42 97 28 44 60 127 2 90 24 131 111 80 135 57 108 130 31 13 84 106 92 67 107 27 120 29 46 14 10 16 100 68 70 40 99 66 72 47 104 38 141 49 0 129 95 113 147 77 51 73 140 112 20 63 43 58 143 62 39 71 115 146 53 126 4 91 5 36 1 48 7 9 132 81 137 83 89 41 35 125 102 121 88 12 145 138 74 94 32 105 75 30 37 79 55 18 23 78 98 96 103 17 142 133 136 52 101 110 118 87 3 15 93 21 64 65 69 117 123 25 128 34 
37 103 98 23 83 126 101 110 71 9 58 20 73 17 140 78 105 112 136 89 133 10 93 16 87 14 52 48 5 15 62 21 31 46 18 108 69 74 90 44 0 91 129 97 130 96 3 22 65 7 64 138 92 55 27 142 118 128 141 41 104 121 123 117 25 109 59 147 76 79 66 57 30 88 61 132 107 149 137 60 50 124 19 34 85 86 56 144 26 24 11 6 8 80 116 68 139 148 54 82 39 63 53 134 33 119 72 114 67 143 113 84 43 49 1 122 45 28 111 42 131 106 2 115 120 100 127 29 38 135 13 81 146 95 47 77 70 125 51 99 40 4 94 36 12 32 145 102 75 35 
4 146 102 77 95 51 145 32 12 38 75 100 29 120 94 81 125 106 115 47 84 111 49 131 67 13 99 43 72 28 134 113 70 2 1 40 45 143 135 139 33 68 42 80 63 24 82 122 39 54 116 8 53 127 144 6 86 148 124 60 50 56 114 119 11 19 107 26 85 57 149 34 66 76 61 109 104 27 59 147 92 141 137 132 130 22 97 129 90 88 0 44 41 108 7 46 121 30 91 31 79 62 138 10 5 112 55 14 48 16 142 74 96 20 71 89 118 73 140 9 58 18 83 105 126 3 133 52 78 117 64 35 136 65 17 37 23 123 87 25 15 103 21 128 69 98 93 101 110 36 
23 103 35 17 110 101 98 83 78 9 136 105 126 71 93 87 133 20 89 15 58 73 52 21 140 112 48 5 69 18 62 10 16 14 74 46 31 65 3 91 96 108 0 64 129 90 44 138 128 7 55 142 130 97 118 123 25 117 22 92 27 41 121 141 79 104 30 147 88 66 132 109 59 57 76 61 107 137 149 60 50 124 19 86 34 85 144 56 24 80 26 8 6 11 68 116 139 39 63 53 148 54 82 72 134 143 113 33 67 119 114 84 43 49 1 122 45 28 111 106 42 115 131 2 100 120 29 38 127 135 13 81 146 95 125 77 47 51 70 94 99 40 4 36 12 32 145 102 75 37 
100 120 29 106 95 146 77 84 51 4 36 67 111 115 49 131 134 47 72 81 28 102 43 145 12 13 139 32 125 113 94 33 75 45 2 99 80 143 24 68 116 82 135 70 1 54 8 144 6 86 42 63 122 124 40 50 148 60 56 39 11 114 53 127 119 19 26 107 85 57 149 34 76 61 109 66 59 104 27 92 141 147 130 137 22 132 97 90 129 0 44 108 46 88 7 41 31 121 91 30 62 79 10 138 5 14 112 16 48 55 74 142 20 71 73 96 89 140 58 9 118 18 83 126 105 3 133 52 78 35 64 136 117 17 37 23 65 87 123 15 103 25 21 98 93 69 128 101 110 38 
63 53 143 113 1 68 43 72 49 107 80 115 24 67 66 137 60 147 84 57 81 104 132 141 124 50 125 139 27 86 144 92 38 146 94 88 134 100 8 41 106 56 116 6 121 120 12 7 29 129 30 130 0 75 79 32 95 111 36 145 33 4 76 82 109 102 91 19 77 54 11 51 138 131 28 148 149 55 61 26 85 46 59 97 45 62 22 142 90 47 5 13 2 34 74 108 48 96 114 119 122 118 42 44 31 112 135 99 89 18 70 127 10 40 3 9 71 14 16 105 20 117 64 73 52 83 133 140 65 58 78 123 25 136 126 87 128 15 17 35 23 69 21 37 93 103 98 110 101 39 
70 99 135 13 47 2 127 42 45 131 28 122 111 29 120 51 106 77 114 95 119 33 100 82 54 38 148 134 4 36 116 84 139 11 6 146 8 26 56 67 85 19 34 102 144 86 145 149 32 124 49 50 12 115 24 80 72 75 61 81 60 94 43 125 113 76 68 59 109 143 1 63 57 107 39 22 53 97 92 66 27 130 90 44 104 141 108 147 31 46 129 0 10 14 137 16 132 62 7 112 91 88 41 73 20 140 58 121 5 71 48 30 138 126 79 9 89 74 55 83 142 96 105 35 18 118 78 37 133 23 52 17 136 98 103 3 101 87 110 64 15 65 117 21 93 69 123 25 128 40 
121 88 30 79 7 138 132 55 91 142 137 147 96 74 118 129 141 0 104 66 5 48 62 18 27 92 3 89 117 107 64 130 57 105 65 46 52 112 133 123 25 9 53 78 39 63 136 128 68 83 60 87 15 71 69 108 21 90 24 80 97 143 17 31 50 20 124 93 113 22 1 73 23 10 109 72 44 76 37 140 43 86 58 144 35 14 16 126 49 59 67 103 56 139 8 61 6 110 19 116 84 98 101 149 115 134 11 85 26 81 34 54 82 148 33 125 38 100 106 146 120 111 94 29 28 119 131 114 45 12 95 122 36 77 75 32 2 4 51 145 42 102 13 135 47 127 99 70 40 41 
122 2 127 45 135 28 114 13 119 131 33 70 40 111 82 148 54 99 47 134 11 106 29 116 120 26 6 8 85 139 100 19 34 56 51 95 144 84 149 77 38 86 67 124 61 50 24 4 80 76 36 59 60 146 109 72 49 68 115 43 113 102 57 22 145 107 81 143 12 32 97 63 75 125 94 44 90 39 1 92 130 27 66 53 108 104 31 141 46 147 10 14 16 129 0 137 132 62 112 73 20 7 91 140 58 71 5 41 88 48 121 126 9 138 30 89 79 83 74 55 35 105 96 142 18 37 78 118 23 133 52 17 98 103 136 3 101 110 87 15 64 93 21 65 117 69 123 25 128 42 
113 49 143 72 1 115 63 39 68 67 53 81 84 80 125 146 24 38 94 100 60 107 139 12 106 134 120 124 29 50 36 75 95 32 144 4 145 86 102 77 57 66 111 51 8 116 6 137 56 131 104 33 147 28 141 82 54 27 132 92 47 11 45 19 148 13 2 76 109 26 88 130 85 122 149 42 99 135 114 61 119 129 41 70 121 7 0 59 34 30 40 127 79 22 97 91 46 90 138 108 62 55 44 5 31 142 48 74 112 96 118 10 89 14 16 18 71 9 20 73 3 105 140 58 83 117 52 133 64 78 126 65 123 136 25 35 17 87 15 23 37 128 21 69 93 103 98 101 110 43 
90 108 97 22 31 10 14 16 46 59 109 76 130 61 73 140 20 58 112 71 149 92 126 27 0 62 34 19 57 85 129 9 26 56 5 50 124 83 86 48 104 11 141 144 60 6 8 35 66 89 91 107 116 147 148 24 54 7 80 105 82 37 139 23 98 103 74 119 78 114 17 33 134 101 18 68 136 138 133 132 41 110 52 121 96 55 122 88 67 87 137 45 84 142 72 15 79 28 30 63 93 42 39 21 111 113 3 131 2 118 143 53 127 49 106 69 43 135 65 120 64 29 100 13 38 1 115 117 123 70 128 47 25 40 95 99 146 77 51 81 4 36 125 94 12 102 145 32 75 44 
2 28 42 122 131 135 33 13 111 114 127 119 82 54 148 134 70 106 99 29 40 120 47 116 11 6 139 8 100 26 56 19 85 84 38 144 95 34 86 51 77 67 149 124 50 24 80 61 4 60 146 36 76 72 49 109 59 68 115 43 113 57 102 107 143 145 81 12 32 63 22 125 94 75 1 39 97 92 27 53 130 66 90 44 104 108 141 147 31 46 129 0 10 14 16 137 132 62 112 7 91 20 73 140 41 88 5 58 71 121 48 138 126 30 9 79 89 74 83 55 142 96 105 35 18 118 78 37 133 23 52 17 136 103 98 3 101 87 110 15 64 65 21 93 117 69 123 25 128 45 
108 130 112 31 90 62 0 97 10 129 44 92 22 71 20 27 5 14 16 73 48 9 140 91 58 89 141 104 83 109 57 126 76 7 66 59 147 105 74 35 107 61 18 138 78 41 60 37 50 23 133 124 121 132 149 17 52 96 136 55 86 144 19 103 88 56 24 142 98 79 85 80 30 87 34 8 6 137 101 26 15 110 11 118 3 116 68 93 21 139 64 69 65 148 54 82 63 39 134 53 72 67 117 33 113 143 123 119 84 114 25 128 43 49 1 122 28 45 111 106 131 42 115 100 120 2 29 38 127 135 13 81 146 95 77 47 51 125 70 99 40 4 36 94 12 145 102 32 75 46 
99 13 70 51 131 77 29 40 120 95 111 135 106 2 28 100 45 38 4 42 36 127 122 33 146 134 84 82 54 114 102 119 67 139 148 145 116 32 12 8 6 115 49 11 75 56 81 72 144 86 94 26 125 80 19 24 43 85 124 50 113 34 60 68 149 143 1 63 61 39 76 109 107 53 59 57 66 22 27 92 104 97 130 141 147 90 44 108 137 46 31 132 129 0 10 14 7 16 88 41 91 62 121 112 30 5 48 79 138 20 73 140 71 58 55 74 9 89 126 142 96 83 18 118 105 35 78 133 52 3 37 23 136 17 103 64 98 87 117 65 15 101 110 21 93 123 69 25 128 47 
5 62 89 74 91 112 105 9 18 0 129 83 7 133 78 52 96 138 71 46 136 55 142 17 20 41 87 3 121 130 23 73 15 118 141 37 92 27 35 140 79 21 58 104 108 147 31 93 126 64 65 10 30 88 69 90 132 103 66 16 14 97 117 44 110 98 101 22 57 123 128 25 137 107 109 76 59 60 50 124 61 24 80 68 86 144 149 39 56 63 53 19 8 6 85 116 34 139 143 11 26 72 113 67 43 1 134 54 148 82 49 84 33 119 114 115 111 106 28 45 100 38 122 120 131 29 81 42 2 146 125 13 127 95 135 94 77 51 47 36 4 12 70 32 99 75 145 102 40 48 
43 72 113 115 67 143 1 84 68 63 81 39 38 146 80 53 24 100 125 106 94 139 120 134 29 60 95 12 36 124 107 4 50 77 144 111 86 32 145 51 75 102 8 116 131 6 57 33 56 28 66 82 54 47 45 104 13 148 11 147 19 2 137 141 27 92 26 122 132 42 85 76 99 135 109 114 149 119 70 61 130 34 40 59 127 88 129 0 41 22 7 97 121 30 90 91 46 79 108 44 138 62 31 55 5 48 142 112 74 10 96 118 14 16 89 71 18 20 9 73 140 58 105 3 83 126 52 133 117 64 78 65 136 35 123 17 25 87 23 37 15 128 21 69 93 103 98 101 110 49 
124 86 144 60 24 80 56 8 139 6 116 57 19 107 76 109 134 11 68 54 82 149 67 61 85 26 148 33 84 59 92 27 72 66 34 130 104 22 113 141 97 63 49 111 143 39 106 28 147 43 119 114 90 45 131 100 120 29 53 38 122 108 44 46 129 0 2 115 1 42 31 13 132 137 135 95 146 127 7 77 62 91 10 51 81 47 14 112 16 41 88 4 36 70 5 99 121 125 48 40 94 138 20 71 73 30 12 140 79 102 58 145 74 32 89 9 75 55 126 142 96 83 18 105 118 35 78 133 52 3 136 37 23 17 103 87 64 98 15 65 117 21 101 93 110 69 123 25 128 50 
77 95 4 36 29 100 120 38 47 106 146 111 102 131 13 99 145 32 84 28 70 12 75 2 40 135 115 45 67 134 81 94 125 49 33 42 139 72 122 43 127 82 54 113 116 148 8 80 114 6 143 119 24 144 1 86 68 56 11 124 50 63 60 39 26 19 53 85 34 149 107 57 61 76 109 59 66 104 27 92 141 147 130 22 137 97 132 90 44 129 108 0 46 88 31 7 41 121 91 30 62 10 14 79 16 138 112 5 48 55 20 74 73 71 142 140 58 89 96 9 118 126 18 83 105 3 35 133 78 52 136 64 117 37 23 17 65 87 103 15 123 98 25 21 93 69 101 110 128 51 
133 78 136 87 15 105 18 21 69 93 89 17 3 65 74 64 48 96 23 83 9 5 37 128 118 62 142 55 123 117 91 25 103 138 112 35 71 110 101 7 98 0 20 129 121 79 126 73 41 58 140 46 30 88 10 141 130 132 31 108 147 16 14 92 27 104 90 66 97 137 44 22 57 107 109 76 59 60 50 61 124 24 68 80 39 53 86 63 144 149 56 19 8 6 85 143 34 113 116 72 139 11 26 1 43 67 49 134 54 148 82 84 33 115 119 114 106 111 28 38 100 45 81 122 120 131 29 42 2 125 146 94 95 13 127 135 77 51 12 36 4 47 75 32 145 102 70 99 40 52 
39 63 143 1 113 43 68 72 49 107 115 137 80 67 24 66 147 60 81 132 104 57 84 141 125 124 50 88 27 94 139 92 86 144 146 38 41 134 121 100 30 7 12 8 106 129 79 56 116 120 6 130 75 29 0 32 145 36 95 91 102 4 111 138 33 77 76 109 82 19 54 51 55 11 131 28 148 142 46 62 149 61 26 85 97 59 22 45 5 74 90 96 118 48 47 108 13 2 34 114 119 122 112 44 42 31 135 18 89 99 3 70 10 127 9 117 40 105 71 64 14 16 20 52 133 73 83 65 123 78 140 25 58 136 128 126 87 15 17 69 35 21 23 37 93 103 98 110 101 53 
82 148 33 116 11 6 8 26 119 56 114 19 134 85 139 45 122 28 144 86 34 149 42 111 2 131 124 50 61 127 135 106 13 84 76 24 120 29 80 109 60 59 67 100 38 70 47 99 40 57 72 68 95 77 22 107 51 49 97 113 43 146 92 130 90 27 115 44 4 143 63 36 66 108 39 104 141 31 1 53 81 46 147 102 125 145 12 129 10 0 94 32 14 16 75 132 62 137 112 91 7 20 73 140 58 5 71 41 48 88 121 126 9 138 89 30 74 79 83 55 105 35 96 142 18 78 37 118 133 23 52 17 136 103 98 3 101 87 110 15 64 21 93 65 117 69 123 25 128 54 
142 138 96 118 79 121 30 41 74 7 88 91 3 18 64 117 132 48 5 65 129 123 89 0 62 52 25 133 137 147 105 141 128 78 104 136 87 69 15 66 21 9 112 27 92 83 93 46 17 130 71 107 23 57 37 20 35 108 73 31 90 103 140 53 97 58 39 10 126 63 60 68 110 22 44 101 16 14 98 24 80 50 109 124 143 76 113 1 86 72 59 144 43 61 56 49 67 8 139 6 19 149 116 84 85 11 115 134 26 34 54 82 148 81 33 125 38 106 100 111 120 146 29 94 119 114 28 131 45 122 12 95 2 77 36 42 75 32 4 51 145 13 102 135 47 127 99 70 40 55 
6 8 116 144 86 19 11 50 124 139 54 26 85 82 148 149 33 134 76 61 34 109 60 24 80 59 119 114 57 28 45 84 67 122 111 107 131 22 68 42 106 2 97 72 92 120 130 29 27 100 90 13 135 127 66 44 38 49 104 113 108 141 63 43 143 31 46 39 47 147 95 70 115 99 77 51 53 40 129 0 146 1 10 14 16 4 36 81 62 132 112 137 91 7 125 20 5 73 140 94 71 12 48 102 41 58 145 88 32 121 75 9 138 126 89 30 74 79 83 55 105 96 142 18 35 78 118 133 37 52 23 136 17 103 98 3 87 101 15 110 64 65 21 93 117 69 123 25 128 56 
107 27 92 60 66 104 50 141 124 130 24 80 147 86 144 68 109 76 129 0 56 97 8 22 139 6 46 90 59 63 116 19 61 132 39 72 108 149 67 7 137 53 113 91 11 143 134 44 62 85 31 84 26 41 49 43 54 82 88 34 121 148 5 112 33 48 1 138 10 30 79 14 16 74 115 106 111 55 71 89 20 119 100 114 28 38 9 73 120 29 131 45 142 96 140 58 122 18 83 105 81 2 146 118 42 126 95 13 125 133 78 77 52 135 51 3 127 35 94 47 136 4 36 17 23 37 12 64 87 99 70 65 15 117 32 145 102 75 103 40 21 98 93 69 123 101 25 110 128 57 
140 73 20 126 71 16 10 14 35 112 83 9 31 108 37 98 46 103 44 23 90 101 62 89 110 97 17 5 48 105 22 78 130 136 0 133 129 52 91 87 18 93 74 92 15 59 27 109 21 76 7 61 141 104 96 69 57 138 66 147 149 3 55 41 142 65 121 64 34 107 19 85 118 50 60 124 132 79 56 86 26 88 144 30 11 6 8 128 117 24 123 116 80 25 137 148 139 54 82 68 119 114 33 134 63 39 67 72 53 84 113 143 122 45 28 49 43 42 111 131 1 2 106 127 120 100 29 135 38 115 13 95 70 146 47 81 40 99 77 51 125 4 36 94 12 102 145 32 75 58 
61 76 109 149 22 97 19 85 34 44 90 26 56 11 108 6 86 8 144 50 31 124 130 116 148 57 54 82 60 46 92 10 14 27 16 139 119 24 114 33 80 107 134 104 66 0 141 129 122 112 73 20 140 45 58 62 28 68 71 147 42 67 84 111 2 131 126 127 5 72 91 48 106 9 135 7 120 29 13 63 83 113 100 49 89 39 132 143 38 43 35 53 41 137 74 70 105 121 138 47 40 88 99 115 1 95 37 18 23 77 78 51 98 55 103 146 30 79 96 17 133 136 52 142 101 4 110 81 36 118 87 15 3 125 93 21 94 12 102 145 64 32 65 69 75 117 123 25 128 59 
24 124 50 80 86 57 144 107 68 139 56 8 6 116 66 67 27 72 92 134 76 109 104 19 84 63 141 113 11 130 39 143 49 147 82 54 149 61 85 33 43 59 26 148 53 22 97 34 1 129 106 90 111 0 100 115 38 28 120 46 132 29 108 137 131 119 45 44 114 31 7 122 91 2 146 62 42 41 81 88 95 13 121 77 112 10 51 135 5 125 48 47 138 30 127 14 4 36 16 79 94 99 12 74 70 55 71 20 73 89 102 145 32 40 9 140 75 142 58 96 18 83 126 105 118 78 133 52 35 3 136 17 37 23 64 87 117 65 15 103 98 21 93 123 69 101 25 110 128 60 
59 149 76 109 85 19 34 26 11 56 22 6 8 97 86 116 144 148 50 44 124 54 90 82 108 119 60 139 114 130 33 57 31 24 134 92 80 27 46 122 10 107 14 16 45 28 42 104 66 111 2 141 67 84 68 131 0 127 129 112 106 135 147 73 20 140 72 62 58 13 120 29 71 100 49 113 63 38 126 5 91 39 143 48 43 9 70 7 47 40 99 53 132 83 95 89 115 77 137 51 1 41 35 146 121 74 88 138 105 4 36 81 37 18 30 79 55 23 78 96 98 103 17 133 142 136 52 125 101 94 12 102 110 145 118 32 87 75 3 15 93 21 64 65 69 117 123 25 128 61 
5 48 0 112 91 129 89 46 9 74 7 71 105 130 83 18 92 20 138 27 141 108 78 73 96 31 133 104 52 90 10 41 55 140 147 58 136 121 97 142 66 126 17 35 16 14 23 44 37 132 79 22 87 88 3 118 57 30 15 21 103 93 107 64 65 69 137 109 98 76 110 101 59 117 60 123 50 25 124 128 61 24 86 80 144 68 149 56 19 39 8 63 6 85 53 34 116 11 139 26 143 72 113 67 54 148 134 82 43 1 49 84 33 119 114 115 111 28 106 45 122 100 38 131 120 29 42 2 81 146 127 13 125 135 95 77 94 51 47 36 4 12 70 99 40 32 145 75 102 62 
39 143 53 113 68 1 43 72 49 80 107 67 24 115 60 66 84 137 57 81 147 124 50 104 141 139 132 125 86 144 38 27 134 146 92 94 100 8 106 88 116 56 6 120 29 12 41 130 111 129 95 121 75 7 36 33 32 4 30 145 82 0 54 77 19 76 109 102 11 51 131 79 28 91 148 138 149 26 85 61 45 59 97 46 22 55 47 13 2 62 90 34 114 119 122 142 108 5 42 48 74 135 44 96 31 99 118 112 70 127 89 40 18 10 9 14 71 16 3 20 105 73 117 83 64 140 52 133 58 78 65 123 126 136 25 87 17 35 15 128 23 37 21 69 93 103 98 110 101 63 
65 3 123 117 25 128 118 96 18 69 142 52 133 74 55 15 21 87 138 136 93 78 105 89 79 48 30 121 5 91 17 7 41 88 62 9 83 23 37 129 0 112 132 103 71 35 110 147 137 141 101 46 98 104 20 73 27 126 92 66 130 58 140 10 108 31 90 57 16 14 107 97 44 22 53 39 60 109 63 68 76 50 24 124 80 59 143 86 61 113 144 1 72 56 43 149 19 8 6 139 49 67 116 85 11 34 26 84 134 115 54 82 148 33 81 38 125 106 100 119 114 111 120 29 28 146 94 131 45 122 2 95 12 42 77 36 75 4 32 13 51 145 135 102 127 47 99 70 40 64 
64 3 128 123 25 117 69 18 52 15 96 118 21 133 87 142 74 93 136 55 78 105 138 89 17 48 79 5 91 121 30 7 23 41 9 83 62 37 88 112 0 103 129 110 35 71 132 101 98 20 147 46 141 137 73 126 104 58 140 27 92 130 66 10 108 31 16 14 90 57 97 107 44 22 60 53 109 39 76 68 63 50 59 24 124 80 143 61 86 144 113 1 72 56 149 19 43 8 6 139 116 49 67 85 11 34 26 84 134 115 54 82 148 33 81 119 38 106 114 100 125 111 120 28 29 146 45 131 94 122 2 42 95 12 77 13 36 51 75 4 32 135 127 145 102 47 70 99 40 65 
104 141 147 107 27 57 92 132 129 130 0 60 137 7 68 24 80 41 91 88 50 124 39 63 121 53 46 62 86 138 30 144 143 79 109 72 113 76 5 97 90 48 22 108 55 56 139 43 67 74 8 112 1 49 6 59 142 31 116 96 44 61 19 84 89 134 149 118 11 18 10 85 9 71 115 26 54 82 20 105 14 16 33 34 148 73 83 3 140 133 52 58 106 38 78 100 81 111 120 64 29 126 136 28 117 146 131 119 65 114 125 45 17 35 87 23 15 37 123 122 94 95 25 2 21 69 42 77 93 128 51 13 36 103 12 4 135 98 32 47 75 145 102 127 110 101 99 70 40 66 
84 72 49 80 24 139 113 134 43 68 38 100 115 106 143 120 29 60 124 144 63 86 50 111 146 116 8 1 39 6 33 95 81 131 56 107 28 53 82 54 77 51 36 4 57 125 148 45 11 19 94 13 2 47 12 26 66 102 145 32 122 85 42 75 114 119 76 149 135 109 104 27 92 99 61 34 141 147 70 59 127 40 130 137 132 22 97 129 90 0 88 46 108 44 7 41 121 91 31 30 62 79 138 5 10 112 48 14 16 55 74 142 96 20 71 89 73 9 140 118 58 18 83 105 126 3 133 52 78 35 64 136 117 17 65 37 23 87 15 123 25 103 21 98 69 93 128 101 110 67 
72 63 80 113 24 39 143 107 60 43 67 49 53 1 124 50 57 84 66 139 86 144 115 104 134 147 141 8 27 56 116 92 6 38 137 81 100 106 132 120 146 33 29 19 82 130 54 111 76 109 125 11 148 129 94 131 28 95 149 26 85 88 0 61 59 77 7 41 36 12 4 45 51 121 97 22 34 91 32 46 75 145 90 30 2 102 119 114 13 122 79 47 108 42 138 62 44 135 31 5 55 48 99 127 112 70 74 142 40 10 96 89 118 14 16 71 18 9 20 73 140 105 58 83 3 133 52 126 78 64 117 136 65 35 17 123 87 23 37 25 15 21 69 128 93 103 98 101 110 68 
21 15 87 93 52 65 133 136 64 78 128 3 18 17 105 123 25 117 23 89 96 74 37 118 83 48 9 142 103 110 5 55 101 35 138 98 62 91 112 71 7 79 121 41 20 126 30 0 129 73 58 140 88 46 132 10 141 147 31 130 16 14 108 104 27 92 137 90 66 97 44 22 57 107 109 76 59 60 50 124 61 68 53 39 24 80 63 86 144 149 56 19 143 8 6 113 85 72 34 116 139 1 11 26 43 67 49 134 54 148 82 84 33 115 119 114 106 81 111 38 28 100 45 120 122 29 131 125 146 42 2 94 95 13 127 135 77 12 51 36 4 47 75 32 145 102 70 99 40 69 
40 99 13 135 47 2 127 42 131 45 28 122 111 29 120 51 106 77 95 33 100 114 119 82 38 54 134 148 4 36 84 116 139 11 146 6 8 26 67 56 85 19 102 144 34 86 145 149 32 49 124 12 115 50 24 80 72 75 81 61 60 94 43 125 113 68 76 109 59 143 1 63 57 107 39 53 22 97 66 92 27 130 90 44 104 141 108 147 31 46 129 0 137 10 14 132 16 62 7 91 112 88 41 20 73 140 121 5 58 71 48 30 138 79 126 9 89 74 55 83 142 96 105 18 35 118 78 37 133 52 23 136 17 3 103 98 101 87 64 110 15 65 117 21 93 69 123 25 128 70 
20 73 112 9 140 58 83 126 35 10 16 14 89 46 62 37 31 5 48 23 105 108 103 17 78 98 90 136 44 101 0 110 133 97 129 130 52 91 18 74 22 87 15 93 92 21 27 7 96 138 141 69 104 109 59 3 55 76 147 142 57 41 66 65 121 64 118 61 79 132 88 107 30 149 117 128 60 50 123 124 25 19 137 86 85 34 56 144 24 26 8 80 6 11 116 68 139 148 54 82 63 39 53 134 33 72 119 67 114 143 113 84 43 49 1 122 45 28 111 42 106 131 2 115 100 120 29 38 127 135 13 81 146 95 47 77 70 51 125 99 40 4 36 94 12 145 32 102 75 71 
49 113 43 67 68 143 63 84 80 115 39 1 24 53 60 139 38 81 134 107 124 100 50 146 144 106 86 120 29 125 57 8 116 111 94 6 95 56 66 33 36 77 12 4 131 82 51 54 104 28 147 32 145 75 102 141 27 11 19 92 148 137 45 76 47 132 13 109 26 2 85 149 130 122 61 114 119 42 135 34 59 99 129 88 70 0 22 41 97 7 127 40 121 90 46 30 91 108 79 44 138 62 31 5 55 48 112 142 74 10 96 14 16 118 89 71 20 18 9 73 140 58 105 83 3 126 52 133 78 117 64 136 65 35 123 17 87 23 37 25 15 21 128 69 93 103 98 101 110 72 
20 140 58 126 71 10 16 14 112 35 9 31 83 108 46 37 44 90 98 62 23 103 89 5 97 48 101 105 17 22 110 78 130 0 136 129 133 52 91 18 92 74 87 27 93 15 59 109 76 21 7 141 104 61 96 138 57 69 147 66 55 3 149 41 142 121 65 107 64 118 19 34 50 132 85 60 124 79 88 56 86 30 144 26 11 6 8 128 24 117 123 137 80 116 25 148 139 68 54 82 119 134 33 114 63 39 53 67 72 113 143 84 122 45 49 43 28 111 42 1 131 2 106 127 120 100 29 115 135 38 13 146 95 81 47 70 77 40 99 51 125 4 36 94 12 102 145 32 75 73 
18 96 138 48 91 55 5 142 89 7 3 118 105 52 62 133 121 41 79 64 0 78 129 65 136 30 9 87 112 15 88 117 83 21 69 123 17 132 25 93 141 147 128 46 71 104 23 27 92 130 37 66 137 20 35 73 103 140 58 108 126 31 10 90 110 57 101 97 98 107 16 14 44 22 60 109 76 68 50 39 53 124 59 24 63 80 86 61 144 143 56 113 149 72 19 8 6 1 139 43 116 85 67 11 49 34 26 134 84 54 82 148 115 33 119 114 81 106 38 111 100 28 120 29 45 131 125 122 146 94 2 42 95 13 77 12 135 51 36 127 4 75 32 47 145 102 70 99 40 74 
32 12 145 102 94 125 81 36 146 4 115 95 77 51 38 100 49 43 120 1 29 106 84 113 72 67 143 47 111 63 39 131 53 68 134 13 99 28 80 139 24 70 2 45 33 40 135 60 116 144 124 86 82 8 50 42 54 6 107 122 56 148 127 11 114 57 119 19 66 26 137 85 104 147 141 149 27 132 34 76 92 109 61 59 88 130 41 129 121 22 30 7 0 97 79 90 91 46 108 138 44 62 55 31 142 5 48 74 112 96 118 10 14 16 89 18 71 20 9 73 140 3 58 105 117 83 64 52 133 126 78 65 123 25 136 35 17 87 128 15 23 37 21 69 93 103 98 101 110 75 
109 59 61 149 22 19 97 85 56 86 34 50 26 144 124 90 11 6 8 44 130 116 57 60 108 92 148 27 31 54 24 82 139 46 80 107 33 134 10 119 104 66 114 14 16 141 0 129 68 147 67 122 112 84 45 62 28 20 73 72 111 140 42 71 58 131 2 91 106 5 63 113 48 7 49 127 39 120 29 143 126 100 9 132 135 43 13 53 38 89 137 83 41 121 88 1 115 74 138 35 47 70 95 105 99 40 77 146 30 51 79 55 18 96 37 78 142 23 81 133 4 17 52 36 103 136 98 118 125 101 110 87 3 94 12 15 102 145 32 93 21 75 64 65 69 117 123 25 128 76 
51 95 4 36 100 29 38 120 47 146 106 111 102 131 13 145 99 84 32 12 28 70 75 115 2 67 40 81 134 45 94 135 49 125 33 42 72 139 43 122 82 113 127 54 116 80 148 8 143 6 24 114 1 144 119 68 86 56 124 11 50 63 60 39 19 26 53 85 107 34 149 57 61 76 109 59 66 104 27 92 141 147 130 22 137 97 132 90 44 129 108 0 46 88 31 7 41 121 91 30 62 10 79 14 16 138 112 5 48 55 74 20 73 71 142 140 58 89 96 9 118 18 126 83 105 3 133 35 52 78 136 64 117 37 17 23 65 87 103 15 123 98 25 21 93 69 101 110 128 77 
136 105 133 52 17 87 15 93 89 21 23 83 18 9 37 69 48 103 5 35 74 110 71 3 65 112 62 101 96 98 64 20 91 126 73 58 128 140 138 142 55 118 0 123 117 25 7 129 46 10 121 41 79 16 31 14 108 30 130 90 88 141 92 27 147 104 44 97 132 22 66 137 57 107 109 76 59 60 61 50 124 24 149 86 80 68 144 19 56 39 53 63 85 8 34 6 26 11 116 139 143 72 113 67 148 54 82 1 43 134 49 84 33 119 114 115 111 28 106 45 122 100 38 131 120 29 42 81 2 146 125 127 13 135 95 94 77 51 47 36 4 12 70 99 32 75 40 145 102 78 
30 121 41 88 55 138 142 7 118 132 96 137 91 74 147 3 18 117 129 141 0 64 5 48 104 66 62 123 65 25 89 27 52 92 133 105 128 107 130 78 112 57 46 136 69 87 15 9 53 21 39 83 63 93 17 68 71 60 108 143 23 90 20 80 24 97 31 37 113 1 73 50 124 35 22 10 72 140 58 43 44 109 126 76 103 86 14 16 144 49 110 67 59 101 98 56 139 8 61 115 6 84 19 116 149 134 11 81 85 26 34 54 82 125 148 33 38 100 106 94 146 120 111 29 28 131 12 119 114 45 95 75 32 36 77 4 122 145 51 102 2 42 13 47 135 127 99 70 40 79 
24 60 124 68 50 86 144 139 67 72 107 57 84 8 134 113 56 116 6 63 49 143 43 39 66 53 19 82 33 54 27 11 104 92 76 1 109 106 115 100 141 148 38 111 147 120 26 85 149 29 61 130 28 131 59 34 45 146 81 22 119 97 114 137 95 132 129 122 2 0 77 90 13 51 42 125 46 4 36 108 47 44 94 135 7 88 12 41 91 31 127 121 102 145 62 32 99 75 70 30 40 5 138 112 79 10 48 14 16 55 74 71 20 142 89 73 96 9 140 58 18 118 83 105 126 3 133 52 78 35 136 64 17 37 23 117 65 87 15 103 123 21 98 25 93 69 101 110 128 80 
125 94 115 12 146 75 32 49 43 145 1 102 113 36 143 38 72 4 67 84 100 95 63 77 39 51 53 120 29 106 68 80 24 111 134 139 47 131 60 28 124 107 50 144 86 13 33 116 8 45 6 99 2 82 56 54 57 66 70 135 137 148 42 40 11 122 147 104 19 141 132 114 27 119 26 92 127 85 76 149 109 88 34 61 130 41 59 129 121 30 7 0 79 22 97 91 90 138 46 108 44 55 62 142 31 5 48 74 96 112 118 10 89 14 16 18 71 9 20 3 73 105 140 117 58 83 64 52 133 78 126 65 123 25 136 35 87 17 128 15 23 37 21 69 93 103 98 101 110 81 
54 148 33 116 11 6 8 119 56 114 26 134 19 139 45 85 28 122 144 86 34 111 42 131 2 149 124 50 106 61 135 127 13 84 120 24 29 76 80 60 67 109 100 59 38 70 47 99 40 72 57 95 68 77 51 49 107 22 113 97 146 43 115 92 4 130 27 90 143 63 44 36 66 39 104 108 141 1 81 53 31 46 147 102 125 145 12 94 32 129 0 10 14 16 75 132 137 62 112 91 7 20 73 140 5 58 71 41 88 48 121 126 9 138 89 30 79 74 83 55 105 35 96 142 18 78 118 37 133 23 52 17 136 103 98 3 101 87 110 15 64 65 21 93 117 69 123 25 128 82 
9 71 35 23 37 105 89 17 78 112 20 103 136 126 73 48 58 140 5 133 98 62 52 110 101 87 93 18 15 21 10 46 74 16 14 31 0 91 69 108 129 96 90 3 130 7 44 65 138 97 64 55 142 92 22 118 27 41 141 121 128 104 117 123 79 147 25 30 66 88 132 57 109 59 76 107 61 137 60 50 149 124 86 19 144 24 56 85 80 34 8 6 68 26 11 116 139 39 63 53 148 54 82 72 143 134 113 67 33 119 43 84 114 49 1 122 45 28 111 115 106 131 42 100 120 2 38 29 127 135 81 13 146 95 125 77 47 51 70 94 99 4 36 40 12 32 145 75 102 83 
67 134 100 38 106 72 49 139 120 29 111 80 24 115 43 113 68 146 131 95 33 144 116 86 28 124 8 50 143 60 77 6 82 51 54 56 63 81 45 4 36 1 148 13 39 47 2 11 107 125 19 53 122 94 42 12 57 102 135 26 145 114 119 32 99 85 75 70 149 76 127 40 34 66 109 61 104 27 92 59 141 147 130 22 137 97 132 90 129 0 44 108 46 88 7 31 41 91 121 62 30 79 10 138 112 5 14 16 48 55 74 20 142 71 73 89 96 140 9 58 118 18 83 126 105 3 133 52 78 35 136 64 117 17 37 23 65 87 15 103 123 98 25 21 93 69 101 128 110 84 
26 34 149 19 11 61 148 56 6 54 8 116 82 59 76 119 109 114 86 144 33 50 124 139 122 134 45 22 60 42 28 24 97 2 80 111 127 131 44 57 90 135 84 130 108 67 106 13 107 92 31 27 120 29 68 100 46 72 70 66 38 10 104 14 40 16 47 99 141 49 113 95 0 129 147 63 43 77 51 143 39 115 112 146 73 20 62 140 53 58 4 71 1 36 91 5 7 132 126 81 48 137 9 41 125 89 83 102 88 12 121 145 94 32 138 74 35 75 105 30 79 55 18 96 37 78 142 23 98 103 133 17 52 136 118 101 110 87 3 15 93 21 64 65 69 117 123 25 128 85 
144 124 50 8 56 6 116 139 60 24 80 19 11 134 54 82 76 85 26 148 109 149 33 57 61 67 107 84 34 59 68 72 111 119 28 114 92 27 45 106 22 131 66 130 49 122 97 113 120 100 104 29 63 2 38 43 143 42 141 90 39 147 44 13 108 53 115 135 46 127 1 95 129 31 0 146 47 77 51 70 99 132 81 137 4 10 40 36 62 14 16 7 91 112 125 41 94 88 5 12 121 48 102 145 20 32 73 71 140 75 138 58 30 79 9 89 74 55 126 83 142 96 105 18 35 118 78 133 52 37 136 23 3 17 103 98 87 64 15 65 101 117 110 21 93 69 123 25 128 86 
15 21 93 136 133 52 78 69 17 105 18 23 65 89 37 3 83 64 9 103 74 110 128 48 96 35 5 101 123 25 98 117 118 62 71 112 142 55 91 138 20 126 73 7 58 140 0 129 79 121 46 41 30 10 88 16 14 31 108 130 141 132 92 147 27 90 104 44 97 66 137 22 57 107 109 76 59 60 61 50 124 24 68 80 86 149 39 144 53 63 56 19 85 8 6 34 143 26 11 116 139 113 72 1 67 43 148 54 82 134 49 84 33 119 114 115 111 106 28 45 122 100 38 81 131 120 29 42 2 146 125 127 13 94 135 95 77 51 36 12 4 47 75 32 70 145 99 102 40 87 
41 121 30 132 79 137 7 138 55 147 142 91 141 118 96 104 66 129 74 0 27 5 92 48 62 18 107 3 117 57 53 64 39 130 89 63 65 123 46 68 25 52 105 112 133 60 143 9 128 78 80 24 113 1 136 87 50 83 124 15 72 69 108 43 71 90 97 21 31 17 22 49 86 109 20 93 144 76 67 10 44 73 23 140 37 139 58 56 115 35 59 14 16 8 84 126 6 61 116 19 103 134 149 81 11 110 85 98 101 125 26 54 82 34 38 33 148 100 94 106 146 120 29 111 28 12 131 95 119 114 45 75 32 36 77 145 4 51 102 122 2 42 13 47 135 127 99 70 40 88 
105 48 5 9 78 62 18 83 133 74 52 112 136 17 91 71 87 23 96 15 0 37 129 20 35 21 93 138 46 7 3 73 55 69 103 142 126 140 58 65 64 118 110 41 10 121 98 101 130 31 108 79 16 92 141 14 27 117 90 30 104 128 147 123 88 25 97 132 44 66 22 57 137 107 109 76 59 60 61 50 124 24 80 86 149 68 144 56 19 39 63 53 8 85 6 34 116 26 11 139 143 72 113 67 54 148 82 134 43 1 49 84 33 119 114 115 111 28 106 45 122 100 38 131 120 29 81 42 2 146 125 127 13 135 95 94 77 51 47 36 4 12 70 99 32 75 145 40 102 89 
97 108 44 22 31 46 10 130 14 16 109 59 76 92 112 61 20 73 27 140 0 71 58 62 129 57 149 126 104 5 9 141 19 50 48 85 34 124 66 56 60 86 91 107 83 144 26 89 147 11 6 8 35 7 116 24 80 105 148 74 139 54 37 82 23 78 138 132 41 18 68 103 17 98 121 134 33 133 136 119 52 114 96 88 101 55 137 110 67 79 142 30 87 72 63 84 39 15 122 93 118 45 113 3 53 21 28 143 111 49 42 43 131 69 2 106 64 65 127 120 1 29 100 135 38 13 117 115 123 128 25 95 47 70 146 77 99 40 81 51 4 36 125 94 12 102 145 32 75 90 
7 129 0 5 48 62 138 74 41 121 55 96 89 141 18 142 147 79 104 88 132 30 112 27 92 46 118 130 105 66 9 3 52 133 137 78 83 71 57 136 64 108 107 65 20 90 87 31 117 15 17 97 73 10 21 23 140 69 58 123 22 93 37 44 35 25 126 14 16 128 60 109 76 103 50 68 124 24 80 39 53 59 63 110 98 101 86 144 61 143 56 113 149 72 8 19 6 139 1 116 43 85 67 11 49 26 34 134 84 54 82 148 33 115 119 106 114 38 111 81 100 28 120 29 45 131 122 125 146 2 42 94 95 13 77 135 51 12 36 127 4 47 75 32 145 102 70 99 40 91 
27 130 104 141 57 66 129 0 147 107 46 60 97 90 91 62 108 7 109 22 50 76 124 132 24 5 31 80 112 44 86 48 41 144 59 68 137 121 88 61 138 56 10 8 74 19 149 89 6 63 71 14 39 139 30 16 79 9 116 20 55 53 73 85 11 72 96 140 142 26 143 113 18 67 58 83 34 105 134 54 82 43 84 148 126 49 118 33 1 78 133 52 35 3 136 17 23 37 119 115 114 87 64 111 106 15 28 65 100 38 103 45 120 131 117 29 21 122 93 98 69 101 81 2 123 110 42 25 146 128 13 95 125 135 127 77 51 94 47 36 4 12 70 99 32 145 102 40 75 92 
21 15 87 136 69 17 78 133 52 23 105 37 18 103 110 65 83 89 101 64 3 9 35 128 98 74 48 96 5 123 25 71 117 112 62 118 126 142 20 55 73 91 138 58 140 7 0 129 46 79 121 41 10 30 16 14 31 108 88 130 90 141 92 132 27 147 104 44 97 66 22 137 57 107 109 76 59 60 61 50 124 24 149 80 68 86 144 39 53 19 56 63 85 8 34 6 26 11 116 143 139 113 72 1 67 43 148 54 82 134 49 84 33 119 114 115 111 28 106 122 45 100 38 131 120 81 29 42 2 146 125 127 13 135 95 94 77 51 47 36 4 12 70 99 32 75 145 102 40 93 
125 12 81 75 32 145 102 146 115 36 4 49 43 1 38 95 77 113 51 143 100 72 67 84 120 29 106 63 39 53 68 111 47 134 80 131 24 139 28 13 99 60 33 124 144 107 45 50 86 2 116 70 8 82 6 135 54 40 56 42 57 122 148 66 137 11 19 147 127 104 114 119 141 132 26 27 85 92 149 76 109 34 88 61 130 59 41 121 129 30 7 0 79 22 97 91 90 138 46 108 44 55 62 142 31 5 48 74 96 118 112 10 14 89 16 18 71 9 20 3 73 105 140 117 58 83 64 52 133 65 78 126 123 25 136 35 87 17 128 15 23 37 69 21 93 103 98 101 110 94 
77 51 4 38 100 29 36 120 106 146 47 111 102 131 84 145 13 99 32 12 28 115 67 75 70 134 81 2 49 94 45 125 135 40 33 72 139 43 42 122 113 82 54 116 127 80 143 8 24 148 6 1 68 144 114 86 119 56 124 63 50 11 60 39 19 26 53 85 107 34 149 57 61 76 109 66 59 104 27 92 141 147 130 22 137 97 132 90 44 129 108 0 46 88 31 7 41 121 91 30 62 10 79 14 16 138 112 5 48 55 74 20 142 71 73 140 89 96 58 9 118 18 126 83 105 3 133 52 78 35 136 64 117 37 17 23 65 87 15 103 123 98 25 21 93 69 101 128 110 95 
142 55 74 118 138 3 18 64 79 91 7 121 65 117 41 30 48 52 5 133 89 123 105 25 88 62 128 78 87 129 136 15 69 0 21 132 9 93 112 147 17 83 141 137 104 23 46 27 71 66 92 37 130 35 20 103 73 57 140 108 110 58 126 107 31 101 10 90 98 97 16 14 44 22 60 53 39 68 63 109 76 50 24 80 124 59 143 86 144 113 61 1 72 56 43 149 8 19 6 139 49 67 116 85 11 26 84 34 134 115 54 82 148 33 81 38 106 100 125 119 111 114 120 29 28 146 131 45 94 122 2 95 42 12 77 36 13 51 4 75 32 145 135 102 127 47 99 70 40 96 
90 22 108 44 31 109 130 46 59 76 10 14 16 61 92 27 149 112 57 0 20 73 140 129 62 19 71 58 50 85 34 124 104 56 141 86 60 144 26 66 107 5 11 126 6 8 9 48 91 116 147 24 83 80 89 148 7 139 54 82 35 105 68 74 134 33 119 132 114 41 138 37 23 78 121 18 17 67 103 98 88 133 137 136 96 72 52 55 84 63 122 39 101 79 30 45 142 28 110 113 53 143 111 87 42 49 131 15 43 2 118 106 3 93 21 127 120 29 100 1 135 38 69 13 64 65 115 117 95 47 70 146 123 77 99 40 25 128 51 81 4 36 125 94 12 102 145 32 75 97 
101 103 110 35 37 23 126 17 83 58 71 140 9 73 20 78 136 93 105 87 15 89 133 112 21 52 16 10 14 48 69 5 62 18 31 46 108 74 44 90 0 65 91 3 96 97 129 64 130 22 128 138 7 55 142 118 123 92 25 27 117 141 41 121 104 59 109 79 76 147 30 66 57 88 61 132 107 149 137 60 50 34 19 124 85 86 56 144 26 24 11 6 8 80 116 68 139 148 54 82 39 63 53 134 119 33 114 72 67 143 113 84 43 49 122 1 45 28 111 42 131 106 2 127 115 120 100 29 38 135 13 81 146 95 47 70 77 40 99 51 125 4 94 36 12 32 145 102 75 98 
70 40 47 13 135 2 131 28 42 45 127 111 51 29 120 77 122 106 95 100 33 38 4 114 119 36 134 82 54 148 84 146 139 116 67 102 11 6 8 26 145 56 32 144 19 85 86 12 49 115 34 75 72 124 80 24 81 50 149 94 125 43 60 113 68 61 143 76 109 59 1 63 39 107 57 53 22 66 97 92 27 130 104 90 44 141 147 108 31 46 137 129 0 132 10 14 16 7 62 91 88 41 112 121 5 20 73 140 48 58 71 30 138 79 9 126 74 89 55 83 142 96 18 105 35 118 78 133 52 37 23 3 136 17 103 98 87 64 101 15 117 110 65 21 93 69 123 25 128 99 
120 38 29 106 95 77 111 84 51 146 131 4 67 36 134 47 28 13 49 115 139 33 45 2 72 99 102 81 43 135 145 82 70 12 116 54 113 32 80 42 8 24 125 122 94 6 40 144 75 86 148 68 143 124 56 50 114 127 60 11 1 119 63 19 39 26 85 53 107 149 34 57 76 61 109 66 59 27 104 92 141 147 130 22 97 137 132 90 44 129 108 0 46 31 88 7 41 91 121 62 30 10 14 79 16 112 138 5 48 55 20 74 71 73 142 140 89 58 96 9 118 18 126 83 105 3 133 35 78 52 136 64 37 23 17 117 65 87 103 15 123 98 21 25 93 69 101 110 128 100 
110 98 103 37 23 35 17 83 126 136 78 93 9 71 58 87 140 20 105 73 15 21 133 52 89 112 69 48 16 10 14 5 18 62 31 74 46 65 108 3 64 91 96 0 44 90 128 129 97 138 130 7 55 123 142 25 118 22 117 92 27 41 121 141 79 104 147 30 59 109 88 76 66 132 57 61 107 137 149 60 50 124 19 34 85 86 56 144 26 24 11 6 8 80 116 68 139 148 54 39 82 63 53 134 119 33 72 114 143 67 113 84 43 49 1 122 45 28 111 42 131 106 2 115 127 100 120 29 38 135 13 81 146 95 47 70 77 125 51 99 40 94 4 36 12 32 145 102 75 101 
145 32 12 75 36 4 146 94 125 81 77 95 51 38 115 100 120 29 106 49 47 84 43 67 111 72 1 113 131 143 99 13 28 134 70 63 40 2 68 139 39 45 53 135 80 33 24 42 82 116 122 54 144 8 86 60 124 6 50 127 148 56 114 119 107 11 19 26 57 85 66 149 34 104 137 76 147 109 61 141 27 92 132 59 130 88 22 97 129 41 0 7 90 121 30 46 44 108 79 91 138 31 62 55 5 48 142 112 10 74 14 16 96 118 89 71 20 73 18 9 140 58 105 3 83 126 117 52 133 64 78 65 136 35 123 25 17 87 23 37 15 128 21 69 103 93 98 101 110 102 
101 110 37 98 23 35 17 83 126 136 78 9 93 71 105 58 87 20 73 140 15 133 21 89 52 112 69 48 5 18 10 16 62 14 74 46 31 65 108 3 91 96 0 64 90 44 129 128 97 138 130 7 55 142 118 123 25 22 117 92 27 41 121 141 79 104 147 30 88 109 59 66 76 132 57 61 107 137 149 60 50 124 19 34 85 86 56 144 24 26 80 8 6 11 68 116 139 148 39 63 54 53 82 134 72 33 143 119 113 67 114 84 43 49 1 122 45 28 111 42 106 131 115 2 100 120 29 127 38 135 13 81 146 95 47 125 77 70 51 99 40 94 4 36 12 32 145 102 75 103 
141 66 147 27 92 107 57 129 0 130 132 7 91 137 41 60 88 121 46 62 68 24 80 50 138 124 5 30 39 79 63 48 97 53 90 109 86 108 76 55 74 144 22 112 143 142 31 72 113 96 89 56 44 59 8 139 61 6 67 18 43 118 19 1 9 116 10 49 71 149 105 20 84 134 11 14 16 85 73 83 26 3 140 133 52 58 54 82 34 78 115 148 33 126 136 64 117 65 17 35 87 106 38 23 100 15 37 111 81 120 123 29 28 119 21 114 25 69 131 93 45 146 103 128 125 122 98 2 95 94 42 110 101 77 13 51 36 4 12 135 47 127 32 75 145 102 99 70 40 104 
78 89 133 136 52 18 17 9 83 87 48 15 5 23 74 21 93 37 62 112 69 71 35 96 3 103 91 65 20 64 110 101 73 138 0 126 98 55 142 129 58 140 7 118 46 128 117 123 25 10 41 121 79 31 16 108 14 130 30 141 92 90 27 88 104 147 132 97 44 66 22 137 57 107 109 76 59 60 61 50 124 24 80 86 149 68 144 56 19 39 53 63 85 8 6 34 26 11 116 139 143 72 113 67 148 54 1 82 43 134 49 84 33 119 114 115 111 28 106 45 122 100 38 131 120 29 81 42 2 146 125 127 13 135 95 94 77 51 47 36 4 12 70 99 32 75 145 40 102 105 
120 29 100 111 38 131 84 95 28 134 77 51 47 13 67 33 45 2 146 139 4 36 82 99 135 54 49 116 42 70 122 72 115 8 6 148 40 144 80 86 24 56 43 114 119 127 11 124 102 113 81 50 145 68 12 60 32 19 125 143 26 94 75 85 1 63 149 34 39 107 53 57 61 76 109 59 66 27 92 104 141 22 130 147 97 90 137 44 132 108 129 0 46 31 7 88 41 91 10 121 62 14 16 30 112 5 79 138 48 20 73 71 55 140 74 58 89 142 9 96 126 83 18 118 105 35 78 133 52 3 136 37 23 17 64 117 87 65 103 98 15 123 21 101 93 25 110 69 128 106 
57 66 60 104 68 24 80 27 141 92 147 50 124 63 39 86 144 130 72 53 143 113 132 129 137 139 67 0 56 109 8 76 43 49 6 116 7 84 1 134 88 19 41 97 46 91 22 59 90 61 121 11 149 108 62 115 85 82 54 30 26 33 138 148 44 79 5 31 48 34 106 112 38 100 55 111 120 74 29 81 28 10 142 131 146 96 89 119 45 114 14 16 125 71 9 20 122 118 95 18 2 73 94 77 42 140 105 51 13 58 83 36 4 12 135 47 3 133 126 52 32 145 78 75 127 102 136 64 99 35 70 117 17 65 23 40 37 87 15 123 21 25 103 69 93 128 98 101 110 107 
90 31 97 44 22 46 10 14 16 130 112 20 73 140 109 59 71 58 76 92 62 0 27 129 61 126 9 5 57 48 83 149 104 141 89 91 66 35 19 50 124 85 34 107 60 147 56 86 7 144 105 26 11 6 8 37 74 23 24 78 116 103 80 17 98 18 138 133 136 41 132 52 139 148 101 121 54 82 96 110 55 68 88 87 142 134 33 137 79 15 119 30 114 93 21 3 118 67 63 72 39 84 69 53 64 65 122 113 143 45 28 49 111 43 42 131 117 2 106 1 123 127 120 100 29 128 25 38 135 115 13 95 146 47 70 81 77 99 40 51 4 125 36 94 12 102 145 32 75 108 
76 59 61 22 149 97 19 56 85 90 50 86 34 44 124 144 26 11 6 130 8 108 57 60 116 92 31 27 148 46 24 54 139 82 80 107 10 104 33 66 14 134 16 141 119 114 0 129 68 147 112 62 67 122 84 20 73 45 140 28 71 58 72 111 91 42 5 131 2 48 7 63 106 113 126 39 9 49 132 127 143 120 29 100 43 135 89 53 13 83 38 137 41 121 74 88 138 1 35 115 105 47 70 95 30 79 55 18 99 40 77 146 96 51 37 78 23 142 133 17 52 81 103 136 98 4 36 118 101 110 125 87 3 15 94 12 93 21 102 145 64 32 65 75 69 117 123 25 128 109 
101 103 98 37 23 35 17 83 136 93 78 126 87 9 15 105 21 71 133 58 20 73 140 52 89 69 112 48 18 5 10 16 62 14 74 65 46 31 3 64 96 108 91 128 0 90 129 44 123 25 138 55 142 118 97 7 117 130 22 92 41 27 121 79 141 104 30 147 88 59 109 66 132 76 57 61 107 137 149 60 50 124 19 34 85 86 56 144 24 26 80 8 6 11 68 116 139 148 39 63 54 53 82 134 72 143 33 119 113 67 114 84 43 49 1 122 45 28 111 42 131 106 115 2 100 120 127 29 38 135 13 81 146 95 125 47 77 70 51 99 40 94 4 36 12 32 145 102 75 110 
131 28 106 29 120 45 13 100 2 134 33 47 38 135 84 42 82 122 95 54 139 77 51 99 70 116 148 67 114 8 40 6 127 119 11 56 144 4 146 86 36 26 80 24 19 124 49 72 50 85 115 60 34 43 149 68 113 102 81 145 12 143 61 32 76 125 94 63 109 75 1 107 57 59 39 53 66 92 27 22 104 97 130 141 90 147 44 108 46 31 137 129 0 132 10 14 7 16 88 91 62 41 112 121 5 30 48 20 73 138 79 140 71 58 74 55 9 89 126 142 96 83 18 105 118 35 78 133 52 3 37 136 23 17 103 98 64 87 117 65 15 101 110 21 93 123 69 25 128 111 
71 9 62 46 20 5 48 83 89 73 140 58 0 10 31 108 126 105 129 16 14 91 35 90 130 78 74 97 37 44 23 17 18 133 136 92 52 27 22 7 103 141 98 138 87 104 96 101 110 15 147 93 55 21 66 41 57 121 142 109 3 76 59 69 118 132 79 88 65 107 64 30 61 60 50 137 124 117 149 123 128 86 25 144 19 24 56 80 85 34 8 6 68 26 11 116 139 39 63 53 148 54 82 72 134 143 67 113 33 84 119 43 114 49 1 122 28 45 111 106 115 131 42 100 120 2 29 38 127 135 13 81 146 95 125 77 47 51 70 94 99 4 36 40 12 32 145 102 75 112 
143 43 72 49 63 1 39 68 53 115 67 80 84 24 81 107 60 125 38 146 139 124 100 50 94 134 144 106 86 57 66 120 29 12 8 95 36 104 137 116 147 111 4 32 75 6 56 145 77 141 102 51 33 27 132 92 131 82 54 28 19 11 148 45 76 109 47 88 130 13 26 2 85 129 149 41 61 7 0 121 122 114 42 119 59 30 135 34 99 79 91 97 22 70 46 90 138 40 127 108 62 55 44 5 31 142 48 74 112 96 118 10 89 14 18 16 71 9 20 73 3 105 140 58 83 117 52 133 64 78 126 65 136 123 25 35 17 87 15 23 37 128 21 69 93 103 98 101 110 113 
119 122 148 54 82 42 45 33 26 11 127 2 28 85 34 116 135 19 6 8 131 56 149 111 134 13 139 144 61 86 70 40 106 99 29 120 124 50 59 76 47 109 84 100 24 67 80 60 38 95 51 77 22 57 72 97 68 49 107 44 4 146 90 36 113 130 43 92 115 108 27 143 31 63 66 104 39 46 81 102 141 1 10 14 16 145 53 12 32 147 125 94 0 129 75 112 62 73 140 20 58 132 71 137 91 7 5 126 48 41 9 88 121 89 83 138 74 30 35 79 55 105 96 18 142 37 78 23 98 103 133 17 52 136 118 101 110 3 87 15 93 21 64 65 69 117 123 25 128 114 
49 81 43 125 113 146 72 1 143 94 67 38 84 12 63 100 32 39 75 36 145 68 53 4 102 95 106 120 29 77 80 51 24 134 139 111 60 131 124 107 50 144 86 47 28 33 116 8 6 13 56 82 57 45 54 66 2 99 148 11 137 104 135 147 19 70 42 122 141 27 40 92 26 132 114 119 85 76 109 149 127 61 34 130 88 59 129 41 0 121 7 22 30 97 79 91 90 46 138 108 44 62 55 31 5 142 48 74 112 96 10 118 14 16 89 18 71 20 9 73 140 3 105 58 83 117 52 133 64 126 78 65 123 136 25 35 17 87 15 23 37 128 21 69 93 103 98 101 110 115 
6 8 56 54 82 11 144 139 86 148 33 19 134 26 124 50 85 149 24 34 119 114 60 80 28 61 45 111 76 84 122 109 131 67 59 106 2 42 120 29 57 100 68 13 72 135 107 127 38 49 22 97 113 47 92 27 95 130 43 70 66 99 63 77 143 90 51 40 115 104 44 146 39 141 108 53 4 1 147 36 31 46 81 129 0 10 125 14 16 102 12 94 145 132 32 137 62 75 112 7 91 5 20 41 73 88 140 48 71 58 121 138 9 30 126 89 79 74 83 55 96 142 105 18 35 118 78 133 37 52 23 136 17 3 103 98 87 101 15 64 110 65 21 93 117 69 123 25 128 116 
123 25 64 3 128 65 118 142 96 55 18 69 74 138 79 52 133 30 15 21 87 121 41 136 105 78 93 7 88 91 89 48 5 17 132 62 129 9 0 83 137 23 147 112 37 141 104 71 103 35 110 66 46 27 92 101 20 130 98 73 126 140 58 107 57 108 31 10 90 16 97 14 53 39 44 22 63 60 68 109 24 143 80 50 76 124 1 113 59 72 86 144 43 61 49 56 67 8 149 139 19 6 116 85 115 84 11 134 26 34 54 82 81 148 33 125 38 106 100 94 146 111 120 29 119 114 28 131 45 12 122 95 75 32 2 36 77 42 4 145 51 102 13 135 47 127 99 70 40 117 
142 55 96 3 117 138 64 79 74 30 123 65 18 121 25 41 7 88 128 91 52 133 48 5 89 132 69 105 15 87 78 62 21 129 136 0 137 147 93 141 9 17 104 112 83 66 27 92 23 46 71 130 37 35 20 107 103 57 73 110 108 140 126 58 101 31 90 98 10 53 97 39 63 16 14 68 60 22 44 24 80 143 50 109 124 76 113 1 72 86 59 144 43 61 49 56 67 8 139 6 19 149 116 84 115 85 11 134 26 34 54 82 81 148 33 125 38 106 100 146 94 111 120 29 119 114 28 131 45 12 122 95 75 2 36 32 77 42 4 145 51 102 13 135 47 127 99 70 40 118 
114 122 148 54 82 42 33 45 26 11 127 85 2 34 28 116 19 6 135 8 56 149 131 134 111 13 139 61 144 86 70 40 106 99 59 76 124 29 50 120 109 47 84 100 24 60 80 67 38 95 51 77 22 57 97 72 68 49 44 107 90 4 146 36 130 113 92 108 43 27 115 31 143 63 66 104 46 39 141 81 10 14 102 16 1 145 53 12 147 32 125 0 94 129 75 112 62 73 140 20 58 132 71 137 91 7 5 126 48 41 9 88 121 89 83 138 74 30 35 79 105 55 18 96 142 37 78 23 98 103 133 17 52 136 118 101 110 3 87 15 93 21 64 65 69 117 123 25 128 119 
29 106 100 38 111 95 131 77 51 84 28 47 13 134 146 4 67 45 36 2 33 99 139 135 70 49 82 42 54 115 122 116 40 72 8 102 148 6 80 144 145 43 81 127 24 86 12 114 56 32 119 113 11 124 125 50 94 68 75 60 143 19 26 1 85 63 39 34 149 107 53 57 61 76 109 59 66 27 92 104 141 22 130 147 97 90 137 44 132 108 129 0 46 31 88 7 41 91 121 10 62 14 16 30 112 79 5 138 48 20 73 55 71 140 74 58 142 89 9 96 126 83 118 18 105 35 78 133 3 52 136 37 23 17 64 117 65 87 103 15 98 123 21 101 93 25 110 69 128 120 
41 79 30 88 138 7 55 132 142 91 137 96 118 147 74 129 141 0 104 66 5 48 18 3 62 27 92 117 64 89 65 107 130 52 105 123 133 57 25 112 46 78 9 128 53 39 136 87 63 15 83 69 68 21 60 71 108 17 90 93 97 143 24 80 31 20 50 124 113 23 22 73 1 10 37 72 109 44 140 76 35 58 43 86 144 126 14 16 49 103 59 67 56 139 8 61 110 6 98 101 19 116 84 115 149 134 11 85 26 81 34 54 82 148 33 125 38 100 106 146 94 120 111 29 28 119 131 114 45 12 95 122 75 36 77 32 4 2 145 51 42 102 13 47 135 127 99 70 40 121 
42 45 114 2 119 127 135 28 33 148 82 54 131 13 111 70 11 40 26 116 134 99 6 85 8 47 34 106 19 56 29 139 120 149 100 144 86 84 38 61 95 51 124 77 50 67 76 24 59 80 109 60 4 146 36 72 49 68 57 22 115 113 43 107 97 102 143 145 44 81 63 90 12 92 130 32 27 39 1 125 66 108 94 75 104 53 31 141 46 147 10 14 16 129 0 132 137 112 62 73 20 140 91 7 58 71 5 41 48 88 126 121 9 138 89 30 83 79 74 55 35 105 96 142 18 37 78 23 118 133 52 98 17 103 136 101 3 110 87 15 64 93 21 65 117 69 123 25 128 122 
25 117 128 64 65 3 118 96 69 142 18 55 52 15 21 133 74 87 138 79 93 136 78 105 30 121 89 41 48 7 91 5 17 88 62 23 9 83 132 129 0 37 112 137 103 147 110 35 71 141 101 104 98 46 20 66 27 92 73 126 130 58 140 108 10 31 107 57 90 16 14 97 44 53 22 39 63 60 68 109 76 24 80 50 143 124 59 113 1 86 72 144 61 43 56 49 149 8 19 67 139 6 116 85 11 84 115 26 34 134 54 82 148 81 33 125 38 106 100 94 111 146 119 120 114 29 28 131 45 122 12 95 2 75 42 32 36 77 4 145 51 102 13 135 127 47 99 70 40 123 
50 86 144 60 24 80 56 8 139 6 116 57 19 107 134 76 109 11 68 67 82 54 149 85 61 84 26 33 148 72 59 92 27 66 34 130 104 113 49 63 22 141 97 111 143 106 39 28 43 119 114 147 45 131 100 90 120 29 38 53 122 108 44 115 2 129 46 1 0 42 31 13 132 135 95 146 137 127 77 51 81 7 47 62 91 10 4 14 41 112 16 36 70 88 99 125 5 121 40 48 94 138 12 20 30 71 73 102 79 145 140 32 58 74 75 89 9 55 142 126 96 83 18 105 118 35 78 133 52 3 136 37 23 17 103 64 87 98 15 65 117 21 101 93 110 69 123 25 128 124 
94 81 12 75 115 32 145 146 102 36 43 49 1 4 113 38 143 72 95 77 100 67 84 51 63 39 53 120 29 106 68 80 111 134 24 47 139 131 28 60 13 107 124 144 50 33 86 99 116 8 45 2 6 82 70 54 56 57 135 66 137 40 148 42 122 11 147 104 19 141 132 114 119 127 27 26 92 85 76 149 109 88 34 61 130 41 59 121 129 30 7 0 79 22 97 91 138 90 46 108 55 44 62 142 31 5 48 74 96 118 112 10 89 14 16 18 71 9 20 3 73 105 117 140 58 64 83 52 133 65 78 123 126 25 136 35 87 128 17 15 23 37 69 21 93 103 98 101 110 125 
58 140 73 20 71 35 83 16 10 14 9 98 37 103 112 23 101 31 110 17 108 46 89 105 78 44 62 90 48 5 136 97 133 22 52 87 0 93 130 15 18 129 21 91 74 92 69 27 59 109 7 76 96 138 141 3 104 61 65 55 57 142 64 147 66 41 121 118 149 79 107 132 128 34 19 88 85 30 50 117 60 123 124 25 56 86 26 144 11 6 8 137 24 80 116 148 139 54 68 82 119 114 33 134 63 39 53 72 67 143 113 84 122 45 49 28 43 42 111 1 131 2 106 127 120 100 29 135 115 38 13 146 95 81 70 47 40 99 77 51 125 4 36 94 12 102 145 32 75 126 
42 135 122 2 45 114 119 40 13 70 28 99 131 33 148 82 111 54 47 11 26 134 106 29 116 120 85 6 34 8 19 139 100 56 149 51 77 95 144 38 84 86 61 67 124 50 4 59 76 24 36 80 109 146 60 72 49 115 68 102 22 43 57 113 145 107 32 12 97 81 143 75 44 63 90 94 125 130 92 1 39 27 108 66 53 31 104 141 46 147 14 10 16 129 0 132 112 137 62 73 140 20 58 91 7 71 5 48 41 126 88 121 9 138 89 83 30 79 74 35 55 105 96 142 18 37 78 23 98 133 118 103 17 52 136 101 3 110 87 15 64 93 21 65 117 69 123 25 128 127 
25 123 65 64 117 3 69 118 21 15 52 87 18 96 133 142 93 136 55 74 78 105 138 17 89 79 48 30 121 5 91 41 23 7 83 9 88 37 62 103 110 112 0 129 35 101 132 71 98 137 147 20 141 46 126 73 104 58 140 27 92 66 130 10 31 108 16 14 90 57 107 97 44 22 53 39 60 63 109 68 76 50 24 80 124 59 143 86 113 61 144 1 72 43 56 149 19 8 6 49 139 67 116 85 11 34 26 84 134 115 54 82 148 33 81 125 38 106 100 119 114 111 120 146 29 94 28 131 45 122 12 95 2 42 75 77 36 32 4 51 13 145 102 135 127 47 99 70 40 128 
0 91 62 141 7 27 92 104 130 5 147 48 46 66 41 112 138 74 121 132 57 89 88 55 107 108 96 90 79 9 30 97 18 142 31 137 71 105 22 83 20 10 44 118 60 73 109 133 52 78 76 140 14 16 3 50 58 124 136 24 59 80 68 126 17 86 35 64 87 144 23 61 37 39 65 15 63 53 56 117 21 149 93 19 8 69 6 103 143 123 139 72 113 116 25 85 98 11 128 67 110 26 101 34 43 1 49 134 84 54 82 148 33 115 119 114 106 111 100 38 28 120 45 29 131 81 122 146 2 42 125 95 13 94 135 77 127 51 36 4 47 12 32 75 145 102 70 99 40 129 
92 27 46 0 97 90 129 108 57 22 104 141 31 66 109 62 44 76 112 147 107 91 59 10 5 60 50 48 7 124 61 14 16 71 20 86 144 24 73 9 149 80 89 132 56 140 19 41 58 74 8 138 6 121 68 83 85 88 116 137 126 11 34 26 139 105 55 18 79 96 30 63 142 35 39 54 78 148 82 134 72 133 53 67 52 113 136 143 37 23 33 118 17 84 3 49 43 103 87 119 114 98 15 1 64 21 101 93 110 65 28 111 45 106 122 69 115 131 117 100 120 38 29 42 2 123 25 128 127 13 135 81 146 95 77 125 51 47 70 4 36 94 99 40 12 145 32 102 75 130 
111 28 13 45 2 106 29 120 135 33 47 42 100 122 134 99 70 82 54 38 40 95 127 51 77 84 148 114 139 119 116 6 8 67 11 56 4 144 86 146 26 36 19 85 124 24 80 50 49 72 34 149 115 60 102 43 68 113 145 61 81 12 32 76 143 109 125 75 94 59 63 107 57 1 39 53 22 66 92 27 97 130 104 90 141 44 147 108 31 46 129 137 0 132 10 14 16 7 62 91 88 41 112 121 5 20 73 48 140 30 71 138 58 79 9 74 89 55 126 142 83 96 18 105 118 35 78 133 52 37 23 3 136 17 103 98 64 87 15 101 117 65 110 21 93 69 123 25 128 131 
137 88 41 147 121 30 7 141 79 104 66 138 91 129 55 27 0 142 107 92 96 57 74 118 53 39 62 5 63 130 48 68 60 18 143 46 80 24 3 89 113 1 112 50 124 72 117 64 43 105 52 65 133 97 9 90 108 86 49 144 123 109 67 25 22 76 78 31 71 83 136 139 44 56 128 8 87 115 20 84 10 15 59 6 69 73 116 21 61 17 19 134 140 14 16 58 93 149 23 81 11 126 37 35 85 26 82 54 125 33 38 148 34 100 106 103 146 94 120 29 111 110 98 101 28 131 12 95 119 45 114 75 36 32 77 4 145 51 122 102 2 42 13 47 135 127 99 70 40 132 
52 78 136 105 87 15 18 21 93 17 89 69 74 3 65 23 83 48 9 5 64 96 37 62 103 128 35 112 118 142 91 55 71 138 123 110 117 25 101 98 7 20 0 129 126 73 58 121 140 79 41 46 30 88 10 31 130 141 108 16 14 132 147 92 27 104 90 66 97 44 137 22 57 107 109 76 59 60 50 61 124 24 68 80 86 39 53 144 149 63 56 19 8 85 6 143 34 116 26 11 113 139 72 1 43 67 49 54 134 148 82 84 33 115 119 114 111 106 28 45 100 38 122 81 120 131 29 42 2 146 125 127 94 13 95 135 77 51 12 36 4 47 75 32 145 70 102 99 40 133 
139 33 116 8 84 82 111 54 6 144 106 28 86 67 56 131 148 120 29 45 124 100 24 11 80 50 38 19 2 60 122 26 114 119 72 13 42 85 49 68 135 95 149 47 34 77 51 113 43 127 146 76 61 115 109 57 107 99 70 143 4 63 40 59 36 39 1 81 53 66 92 27 125 22 102 104 12 130 145 94 97 32 141 75 147 90 44 108 46 129 0 31 137 132 10 7 14 91 62 16 88 41 112 121 5 48 30 138 20 73 79 71 140 58 74 9 55 89 126 142 96 83 18 105 118 35 78 133 52 3 37 136 23 17 103 64 98 87 117 65 15 101 21 110 93 123 69 25 128 134 
2 42 13 127 70 45 40 122 99 28 131 47 111 114 119 33 29 82 106 120 54 148 134 100 51 77 95 116 11 38 6 139 26 8 84 85 56 19 34 4 144 86 67 36 149 146 124 50 24 80 61 49 72 60 102 76 115 59 109 145 68 32 43 12 113 81 75 94 125 143 57 107 63 22 1 39 97 53 92 27 90 44 130 66 104 108 141 31 147 46 10 129 14 0 16 137 132 62 112 7 91 73 20 140 88 41 58 5 71 121 48 126 138 30 9 79 89 74 83 55 142 96 35 105 18 118 78 37 133 23 52 17 136 98 103 3 101 87 110 15 64 65 21 93 117 69 123 25 128 135 
78 87 133 17 52 15 105 93 21 23 69 89 83 18 37 9 103 48 35 110 65 74 5 3 101 64 98 71 96 112 62 128 20 126 91 73 123 118 142 25 55 58 138 117 140 0 7 129 46 10 121 41 79 16 14 31 30 108 130 88 90 141 92 27 147 104 132 44 97 66 22 137 57 107 109 76 59 60 61 50 124 24 149 86 80 68 144 19 56 39 53 63 85 8 34 6 26 11 116 139 143 72 113 67 148 54 1 82 43 134 49 84 33 119 114 115 111 28 106 45 122 100 38 131 120 29 81 42 2 146 125 127 13 135 95 94 77 51 47 36 4 12 70 99 32 75 145 40 102 136 
132 88 147 41 121 30 79 66 141 104 7 53 138 39 107 63 55 91 129 27 142 92 0 68 57 143 118 96 1 113 74 60 130 80 24 62 72 43 5 48 50 49 124 18 46 3 67 89 117 86 144 112 64 115 139 84 97 105 109 65 90 123 108 76 52 133 25 9 22 56 8 81 31 6 116 134 78 71 128 83 44 125 59 136 19 61 87 10 20 15 38 149 69 94 11 73 146 21 100 17 82 85 54 106 14 16 33 140 26 58 93 120 148 29 23 111 12 34 126 37 35 75 95 28 32 131 36 145 4 77 102 103 45 51 119 114 110 98 122 2 101 13 42 47 135 127 99 70 40 137 
55 142 121 7 41 96 79 74 91 30 118 88 18 132 48 5 3 129 0 62 147 89 64 141 137 117 104 52 65 105 133 66 123 27 25 92 78 112 9 136 128 46 87 130 15 69 83 21 107 17 57 71 93 23 20 108 37 90 73 31 97 35 53 140 10 39 58 60 126 63 68 22 103 44 14 16 24 80 50 110 109 124 76 101 98 143 113 86 59 144 1 72 43 61 56 49 8 67 139 6 19 149 116 84 85 11 134 115 26 34 54 82 148 33 81 38 106 100 125 111 120 146 29 119 114 28 94 131 45 122 95 12 2 42 77 36 4 75 51 32 13 145 102 135 47 127 99 70 40 138 
134 116 144 8 86 6 56 124 50 24 33 80 82 54 84 67 60 11 148 19 111 106 28 26 131 72 85 120 68 45 100 29 149 38 49 114 119 76 57 122 107 2 34 109 61 113 42 43 13 59 143 63 135 95 115 77 39 47 146 51 127 66 92 27 1 53 104 99 22 70 130 4 36 97 81 141 40 147 90 125 44 108 94 12 102 145 46 129 32 0 31 75 137 132 7 10 91 62 14 16 88 41 112 121 5 48 30 138 20 73 71 79 140 58 74 9 89 55 126 142 96 83 18 105 118 35 78 133 52 3 37 136 23 17 103 64 87 98 15 65 117 101 21 110 93 69 123 25 128 139 
58 73 20 126 71 10 16 14 35 112 31 9 83 108 46 37 44 98 90 103 23 62 97 89 101 5 48 110 17 22 105 78 130 0 136 129 133 52 91 92 87 18 74 59 93 27 109 15 76 21 7 61 141 104 96 57 69 138 66 147 149 55 3 41 142 121 65 107 34 19 85 64 50 118 60 124 132 56 79 86 26 88 144 30 11 6 8 24 128 117 116 80 123 137 25 148 139 54 82 68 119 114 33 134 63 39 67 72 53 84 113 143 122 45 28 49 43 42 111 131 2 1 106 127 120 100 29 135 38 115 13 95 70 146 47 81 40 99 77 51 125 4 36 94 12 102 145 32 75 140 
104 147 66 27 92 129 0 57 107 132 7 130 91 41 137 88 121 62 60 46 138 5 30 79 48 68 24 50 80 124 55 74 97 39 63 90 112 108 53 109 142 22 76 96 86 144 89 31 143 44 18 72 113 118 59 56 9 8 71 139 10 61 105 6 43 67 1 19 20 116 49 149 83 14 73 16 3 133 52 84 140 134 11 78 85 58 26 64 136 34 54 82 126 117 115 65 148 33 17 87 35 15 23 37 123 21 25 69 106 38 93 100 111 81 128 103 120 29 119 28 114 131 45 146 98 125 110 101 122 2 94 95 42 77 13 51 36 12 4 135 47 127 32 75 145 102 99 70 40 141 
55 118 96 138 79 74 121 30 3 41 7 18 117 64 88 91 65 123 25 48 5 132 52 89 133 128 129 62 105 0 137 147 78 69 15 87 141 136 21 104 9 112 66 93 27 83 17 92 46 130 71 23 37 107 57 20 35 73 108 103 31 90 140 58 126 53 10 97 110 39 101 63 98 60 68 22 16 14 44 24 80 50 143 109 124 76 113 1 86 72 59 144 43 61 56 49 67 8 139 6 19 149 116 84 85 115 11 134 26 34 54 82 148 81 33 125 38 106 100 111 146 120 94 29 119 114 28 131 45 12 122 95 2 75 36 77 42 32 4 51 145 102 13 135 47 127 99 70 40 142 
113 63 43 1 39 53 72 49 68 115 67 80 81 24 84 107 60 125 146 38 94 124 66 139 50 57 100 137 134 144 86 147 104 106 12 120 141 29 132 8 75 32 36 95 27 116 145 4 6 56 92 111 102 77 51 33 131 88 82 54 28 19 11 130 41 148 76 129 109 121 7 45 30 0 47 26 85 13 149 2 79 61 91 59 122 114 119 138 34 42 97 22 135 46 99 90 55 70 62 108 142 40 127 5 44 48 74 31 96 118 112 89 10 18 14 16 9 71 3 20 105 73 117 140 83 64 58 52 133 78 65 123 126 136 25 87 35 17 15 128 23 37 21 69 93 103 98 110 101 143 
86 124 50 8 56 6 116 139 60 24 80 19 134 11 54 82 33 148 26 85 76 149 109 57 61 67 84 107 34 68 59 72 111 28 119 114 45 106 92 131 27 22 122 49 66 120 130 100 29 113 97 104 2 63 38 42 43 143 141 90 39 13 147 44 135 115 108 53 127 1 95 46 129 146 31 47 77 0 51 70 99 81 4 40 132 36 137 10 62 14 16 7 91 125 112 94 41 12 88 5 102 145 121 32 48 20 73 75 71 140 138 58 30 79 9 89 74 55 126 83 142 96 105 18 35 118 78 133 52 37 136 23 3 17 103 98 87 64 15 65 101 117 110 21 93 69 123 25 128 144 
32 102 12 75 36 94 4 146 125 81 95 77 51 115 38 100 120 29 49 106 43 84 47 67 1 72 113 111 143 131 99 13 134 63 28 39 68 70 53 139 2 40 80 45 135 24 33 42 116 82 144 54 60 8 86 122 124 6 50 127 148 56 107 114 11 119 19 57 26 85 66 149 137 104 34 147 76 141 109 27 61 92 132 59 130 88 22 129 97 41 0 121 7 30 90 79 46 91 108 44 138 31 62 55 5 142 48 112 10 74 96 14 16 118 89 71 20 18 73 9 140 58 3 105 83 117 126 52 133 64 78 65 123 136 35 25 17 87 23 37 15 128 21 69 93 103 98 101 110 145 
36 4 38 95 12 102 145 81 77 115 32 100 51 94 125 75 120 29 49 106 84 67 43 72 113 111 47 1 131 143 134 28 13 139 68 63 80 99 39 24 33 45 2 53 70 135 116 144 82 40 8 86 54 124 60 50 6 42 122 56 148 107 11 127 114 119 19 57 26 85 66 149 34 76 104 109 61 147 27 137 141 92 59 132 130 22 97 88 129 0 90 41 7 121 46 108 44 30 91 79 31 138 62 5 55 10 112 48 142 14 16 74 96 118 89 71 20 73 9 140 18 58 105 83 3 126 133 52 78 117 64 35 136 65 123 17 23 37 25 87 15 21 128 103 69 93 98 101 110 146 
141 104 66 132 27 92 129 137 7 107 41 0 88 57 121 91 130 30 138 79 60 62 68 39 55 5 63 53 46 24 48 80 74 142 50 124 96 143 112 97 113 118 90 86 72 108 89 109 144 76 18 22 1 43 31 67 56 49 9 139 44 8 105 59 3 71 6 61 10 116 19 84 52 133 20 83 149 134 64 78 73 14 16 117 115 11 140 85 65 136 58 26 54 82 123 87 34 126 148 33 17 15 25 35 23 81 21 69 37 38 128 106 100 93 111 120 29 125 146 28 103 131 119 114 45 94 98 110 95 122 101 2 77 12 42 36 51 4 13 75 32 145 102 135 47 127 99 70 40 147 
54 82 11 26 33 119 114 116 6 85 19 8 56 34 122 45 149 134 139 28 144 42 86 2 61 131 111 124 127 50 135 76 59 109 13 106 24 84 60 120 80 29 67 100 70 40 47 99 38 57 22 72 68 95 97 107 77 51 49 90 44 130 92 113 27 43 146 108 115 4 66 143 63 36 104 31 39 141 46 1 53 147 81 10 14 16 129 0 102 145 125 12 32 94 75 112 62 132 137 73 20 140 91 7 58 71 5 48 41 88 126 121 9 89 138 83 30 74 79 55 35 105 96 18 142 37 78 23 133 118 52 17 98 103 136 3 101 110 87 15 64 93 21 65 117 69 123 25 128 148 
85 61 19 34 26 59 11 76 109 56 6 8 148 116 54 86 82 144 50 22 119 124 114 33 139 97 60 134 44 90 122 24 57 80 45 108 130 28 42 31 92 2 27 107 111 131 127 46 84 67 10 135 14 16 106 68 66 104 13 120 29 141 72 100 0 129 38 147 49 70 112 113 40 47 73 20 63 140 99 62 58 43 143 39 71 95 77 51 91 53 115 5 126 7 48 146 132 1 9 4 137 89 36 83 41 81 121 88 35 138 74 105 125 30 102 79 94 12 55 18 145 37 32 96 78 23 142 75 98 103 17 133 52 136 101 118 110 87 3 15 93 21 64 65 69 117 123 25 128 149 