1
150
26130
1 1357 1905
2 2650 802
3 1774 107
4 1307 964
5 3806 746
6 2687 1353
7 43 1957
8 3092 1668
9 185 1542
10 834 629
11 40 462
12 1183 1391
13 2048 1628
14 1097 643
15 1838 1732
16 234 1118
17 3314 1881
18 737 1285
19 779 777
20 2312 1949
21 2576 189
22 3078 1541
23 2781 478
24 705 1812
25 3409 1917
26 323 1714
27 1660 1556
28 3729 1188
29 693 1383
30 2361 640
31 2433 1538
32 554 1825
33 913 317
34 3586 1909
35 2636 727
36 1000 457
37 482 1337
38 3704 1082
39 3635 1174
40 1362 1526
41 2049 417
42 2552 1909
43 3939 640
44 219 898
45 812 351
46 901 1552
47 2513 1572
48 242 584
49 826 1226
50 3278 799
51 86 1065
52 14 454
53 1327 1893
54 2773 1286
55 2469 1838
56 3835 963
57 1031 428
58 3853 1712
59 1868 197
60 1544 863
61 457 1607
62 3174 1064
63 192 1004
64 2318 1925
65 2232 1374
66 396 828
67 2365 1649
68 2499 658
69 1410 307
70 2990 214
71 3646 1018
72 3394 1028
73 1779 90
74 1058 372
75 2933 1459
76 3099 173
77 2178 978
78 138 1610
79 2082 1753
80 2302 1127
81 805 272
82 22 1617
83 3213 1085
84 99 536
85 1533 1780
86 3564 676
87 29 6
88 3808 1375
89 2221 291
90 3499 1885
91 3124 408
92 781 671
93 1027 1041
94 3249 378
95 3297 491
96 213 220
97 721 186
98 3736 1542
99 868 731
100 960 303
101 3825 1101
102 2779 435
103 201 693
104 2502 1274
105 765 833
106 3105 1823
107 1937 1400
108 3364 1498
109 3702 1624
110 2164 1874
111 3019 189
112 3098 1594
113 3239 1376
114 3359 1693
115 2081 1011
116 1398 1100
117 618 1953
118 1878 59
119 3803 886
120 397 1217
121 3035 152
122 2502 146
123 3230 380
124 3479 1023
125 958 1670
126 3423 1241
127 78 1066
128 96 691
129 3431 78
130 2053 1461
131 3048 1
132 571 1711
133 3393 782
134 2835 1472
135 144 1185
136 923 108
137 989 1997
138 3061 1211
139 2977 39
140 1668 658
141 878 715
142 678 1599
143 1086 868
144 640 110
145 3551 1673
146 106 1267
147 2243 1332
148 3796 1401
149 2643 1320
150 48 267
EOF

52 84 39 136 26 124 14 11 45 23 78 116 12 141 106 115 31 109 131 129 28 48 17 92 3 60 19 63 64 66 36 25 146 59 142 54 30 114 119 41 46 79 104 8 76 77 18 98 140 139 13 103 6 91 81 15 9 145 134 148 5 65 62 35 56 43 50 126 133 53 73 68 29 74 40 44 32 99 102 67 1 80 47 34 105 127 7 21 111 58 88 96 137 2 135 83 72 117 143 10 112 16 51 61 113 22 82 95 101 107 24 149 121 20 89 125 144 49 71 33 123 90 86 132 69 108 110 38 94 97 122 120 93 70 75 138 27 37 147 57 87 85 130 100 118 55 4 128 42 0 
34 67 29 22 101 79 103 53 76 148 5 137 61 114 90 20 49 82 88 146 121 69 133 64 40 74 110 122 94 93 132 120 30 75 71 46 112 138 21 123 125 129 66 130 111 85 106 7 58 139 107 70 12 54 38 128 117 37 59 78 41 2 105 72 113 27 118 4 63 109 19 55 100 14 26 144 16 115 87 147 42 97 68 108 24 3 89 33 39 84 57 13 142 11 92 73 56 35 0 52 99 140 98 32 9 135 18 48 91 104 44 124 45 80 17 96 28 136 143 141 23 36 65 131 119 31 116 60 47 43 15 102 62 25 95 134 127 83 8 50 126 145 10 77 149 51 86 81 6 1 
72 117 58 40 68 88 139 121 73 59 29 20 56 99 35 135 13 32 67 114 76 3 80 44 142 96 101 34 115 22 9 140 98 1 143 91 79 92 18 138 69 104 110 120 130 106 146 75 64 103 129 90 11 26 48 39 122 148 93 5 12 53 65 95 17 94 30 47 14 46 66 49 128 28 78 102 45 84 61 137 83 133 149 82 43 86 132 124 119 10 127 74 36 51 109 62 52 15 0 141 71 54 85 63 19 123 21 112 50 126 134 41 111 60 125 131 23 145 7 136 70 31 107 4 8 38 37 25 105 118 116 77 42 55 27 113 100 81 16 144 87 147 97 24 108 89 6 33 57 2 
115 142 59 92 13 11 139 140 98 48 104 18 39 9 35 91 56 73 17 68 26 45 28 99 32 106 114 44 124 84 80 76 141 129 36 65 40 52 14 135 0 119 58 96 2 72 12 146 79 64 23 131 60 117 136 15 143 43 29 78 62 47 88 102 31 134 116 50 67 126 103 25 145 127 109 66 8 30 83 95 77 34 46 1 10 148 51 63 19 5 149 81 121 54 20 53 22 41 101 86 6 133 74 137 69 21 61 110 111 90 120 138 82 7 75 112 49 130 105 122 93 94 71 132 107 125 123 113 16 85 128 24 38 70 144 89 37 27 33 108 97 118 4 100 147 55 87 42 57 3 
118 42 55 85 70 37 100 132 123 27 38 71 49 94 125 87 147 93 122 82 61 90 128 97 112 107 137 108 75 144 110 57 120 69 113 22 130 101 21 138 111 74 1 7 53 34 89 33 133 24 16 5 105 148 67 20 103 121 29 46 79 30 76 88 146 64 66 41 54 114 40 129 63 19 12 106 109 78 58 117 2 72 139 14 59 26 115 68 84 3 39 11 0 13 142 52 73 56 92 35 99 32 140 98 135 9 124 45 48 44 91 18 80 104 136 17 96 28 143 141 23 36 131 116 65 31 119 60 47 43 15 102 25 62 95 134 8 127 83 50 145 126 77 10 149 51 86 81 6 4 
148 53 133 103 74 46 30 137 21 66 146 79 64 111 7 54 1 112 61 41 82 34 105 76 129 63 107 12 114 19 67 78 109 125 106 113 71 29 49 16 123 22 132 24 144 101 14 38 89 70 90 26 108 37 27 94 33 97 85 147 122 87 93 40 88 100 20 69 110 118 55 57 121 84 139 59 75 120 4 115 39 138 130 58 3 0 42 52 128 11 117 2 72 68 142 92 13 124 45 136 48 56 73 35 140 98 17 9 104 18 28 99 91 141 23 32 44 131 116 135 80 31 36 60 96 119 65 25 143 15 8 43 62 134 77 47 102 145 50 126 127 81 6 83 95 10 51 149 86 5 
81 77 25 8 31 60 116 131 23 145 141 36 134 119 15 28 126 50 136 45 124 62 17 48 43 65 127 11 102 52 0 104 92 47 39 18 83 98 91 10 140 84 51 142 9 115 3 26 13 149 95 35 44 14 56 80 32 59 73 99 96 143 86 106 12 135 78 129 139 109 68 114 64 19 63 146 66 76 79 30 54 46 41 40 2 58 72 103 117 29 148 5 88 67 53 133 1 34 74 121 7 21 105 111 20 137 22 101 112 61 16 82 113 107 24 69 49 90 125 89 110 71 120 138 144 75 33 132 122 123 94 93 130 108 38 97 70 85 37 27 147 87 57 128 100 118 55 4 42 6 
111 21 105 74 113 16 107 133 112 24 137 144 89 53 5 125 33 148 46 41 82 61 108 54 97 30 71 103 66 38 123 147 57 87 27 63 19 37 70 49 64 146 100 132 109 79 1 78 55 12 34 118 129 85 76 4 67 106 94 114 22 14 90 29 101 122 93 42 26 69 110 75 120 84 20 128 40 88 121 138 130 39 59 139 0 52 115 58 3 11 117 2 72 136 124 92 142 68 45 13 48 17 23 56 140 73 98 141 28 35 104 18 9 116 91 131 99 31 32 36 44 60 135 80 119 25 96 65 143 8 15 77 43 62 134 145 47 102 6 50 81 126 127 83 95 10 51 149 86 7 
77 81 25 60 145 134 36 119 131 15 6 31 50 126 141 28 62 23 116 17 43 48 45 65 124 102 127 104 136 47 18 92 11 83 91 98 140 10 51 9 142 39 52 0 3 13 149 115 95 44 35 84 56 80 32 96 73 99 26 143 59 86 135 14 139 68 106 12 129 78 114 109 64 146 76 2 58 72 79 19 63 40 66 30 117 54 46 103 29 88 41 148 67 5 1 34 53 133 121 20 74 22 101 21 137 7 111 105 61 112 82 69 110 16 90 120 138 113 107 49 75 24 71 130 125 122 93 94 132 89 123 144 33 38 85 70 108 37 97 128 27 147 87 100 57 118 55 4 42 8 
91 140 98 18 104 35 13 44 56 32 73 142 99 80 92 96 65 135 143 3 47 48 102 68 17 43 119 115 83 127 62 95 59 28 15 36 10 139 11 51 149 50 126 134 45 145 141 86 39 60 124 2 72 131 8 58 117 23 25 77 31 40 26 81 114 116 106 84 52 136 0 76 88 129 14 29 6 79 12 146 64 67 78 121 103 20 34 109 1 30 66 46 148 22 101 63 19 5 54 53 41 133 69 138 110 120 74 90 130 137 75 61 122 21 82 93 49 111 94 7 112 132 105 71 128 125 123 107 85 113 16 70 38 24 37 144 89 27 4 118 55 100 33 108 97 147 87 42 57 9 
51 83 149 47 127 102 95 86 43 65 62 50 126 15 143 134 96 91 44 80 18 145 9 104 119 98 140 32 99 135 35 36 56 73 13 17 8 48 142 28 92 77 81 60 25 141 131 3 68 45 31 11 6 115 23 124 59 116 139 39 2 72 136 58 117 52 0 26 84 40 114 106 88 76 14 129 12 29 79 146 64 78 67 121 20 109 103 34 66 30 1 63 46 19 101 22 148 54 5 53 41 69 138 133 110 120 130 74 75 90 137 61 122 93 21 82 49 94 111 7 112 105 132 71 128 125 107 123 85 113 16 70 38 24 144 37 89 27 4 118 55 33 100 108 97 147 87 42 57 10 
39 45 124 115 92 48 3 17 28 26 52 84 142 0 141 136 23 59 131 104 36 98 18 14 140 13 106 60 31 116 119 91 9 129 139 12 25 35 65 78 56 114 15 8 73 64 134 146 62 77 76 43 145 109 44 32 68 99 50 79 126 80 81 102 66 47 63 19 30 6 96 127 40 135 103 46 54 58 83 143 29 2 72 148 41 10 51 117 5 67 88 95 1 53 149 34 133 74 86 121 20 22 101 137 21 111 7 105 61 82 112 69 90 49 107 16 110 113 120 71 125 138 75 122 24 132 94 93 123 130 89 144 33 38 85 70 108 37 27 97 128 147 87 100 118 55 57 4 42 11 
78 129 14 106 109 64 66 146 26 30 63 19 46 54 84 79 103 41 114 76 148 39 5 0 52 53 133 115 11 74 59 3 1 21 29 139 7 111 67 105 34 124 137 136 45 92 40 112 142 61 82 48 16 113 107 88 17 23 22 13 141 28 24 101 125 58 116 68 71 89 131 98 49 140 144 31 104 18 20 2 121 123 72 33 35 9 56 117 91 132 60 36 73 90 38 108 94 97 69 119 70 99 122 25 93 32 110 27 37 147 120 44 87 85 75 57 65 80 138 100 8 15 135 118 55 77 130 134 62 96 4 43 145 81 6 50 126 102 143 128 47 42 127 83 95 10 51 149 86 12 
35 56 142 140 98 9 73 91 18 99 32 104 3 92 44 68 80 59 115 135 139 96 48 143 65 17 11 28 47 2 72 58 102 119 43 39 36 45 62 117 40 95 15 127 83 124 141 114 10 26 50 134 51 126 149 106 76 60 145 88 131 84 23 86 129 29 52 8 0 79 31 14 25 146 64 136 77 12 116 67 81 78 121 103 34 20 1 30 66 109 6 148 22 46 101 5 63 19 53 54 133 41 69 110 138 120 74 90 137 130 75 61 122 82 93 21 49 94 111 7 112 132 71 105 128 125 123 107 85 113 16 70 38 24 37 144 27 89 4 118 55 100 108 97 33 147 87 42 57 13 
12 78 26 84 106 129 109 0 63 39 19 64 66 52 146 30 54 46 41 11 114 79 115 103 76 124 136 148 59 5 3 45 133 53 92 139 74 48 23 142 141 17 28 29 1 116 21 7 67 131 111 105 34 31 13 137 40 60 98 140 104 36 18 112 16 68 88 9 61 91 25 82 113 35 119 56 58 107 73 22 24 101 2 72 125 8 89 117 99 32 65 77 71 20 144 49 15 121 44 33 134 80 123 145 62 6 81 43 132 90 135 108 50 38 126 69 96 97 94 102 122 110 70 93 47 27 37 120 147 87 75 57 143 85 127 138 100 83 130 118 55 4 10 95 51 128 149 42 86 14 
134 62 50 126 119 145 43 36 65 102 8 127 77 17 28 47 60 81 83 48 25 104 18 141 131 10 51 91 98 140 9 31 45 92 23 6 149 142 95 124 116 44 13 11 35 80 32 96 56 3 143 99 73 86 136 115 39 135 59 52 0 68 84 26 139 14 106 2 114 129 72 58 12 40 76 78 117 64 146 79 109 88 29 66 63 19 30 103 67 46 54 148 34 1 41 5 121 20 53 133 22 101 74 137 21 69 111 7 110 61 138 105 120 90 82 112 75 130 49 122 93 94 107 71 16 113 132 125 123 24 89 85 128 144 38 70 33 37 27 108 97 147 118 87 4 100 55 57 42 15 
24 89 113 105 33 7 144 111 107 21 108 112 97 57 74 133 125 147 87 137 41 38 82 53 27 5 61 54 71 46 123 148 37 70 100 30 66 63 19 103 55 49 132 118 109 64 146 85 4 78 79 1 12 129 34 42 94 76 106 67 14 90 22 122 93 114 101 29 26 69 110 75 120 84 128 20 138 130 121 88 40 0 39 52 59 139 115 11 3 58 117 136 2 72 124 45 92 142 68 13 48 23 17 141 28 116 140 98 56 73 35 131 104 31 18 9 91 99 32 60 36 44 135 80 119 25 96 65 8 15 77 143 62 134 43 145 6 81 50 102 47 126 127 83 95 10 51 149 86 16 
28 48 36 45 141 119 92 60 124 104 131 11 18 23 15 142 98 31 65 140 25 134 8 62 91 145 43 3 9 39 116 77 115 50 126 13 136 81 102 52 47 35 127 0 56 59 44 84 26 6 73 32 83 99 80 10 96 51 139 143 68 95 14 135 106 149 129 12 114 78 86 76 64 146 109 2 58 40 79 72 66 117 63 19 30 29 103 88 46 54 67 148 41 5 1 34 53 121 133 20 22 74 101 137 21 111 7 105 61 82 69 112 110 90 120 138 49 75 107 130 16 122 113 71 93 94 125 132 24 123 89 144 85 38 33 70 128 37 108 27 97 147 87 118 100 55 4 57 42 17 
104 98 91 140 9 142 13 92 65 35 44 56 48 32 73 80 99 17 3 47 43 119 102 96 28 62 36 15 143 135 127 115 83 11 50 134 126 59 45 68 95 10 141 51 145 60 149 139 124 39 131 8 23 25 77 31 86 81 26 116 2 72 58 136 52 84 0 117 106 40 114 6 76 14 129 88 12 79 146 64 29 78 67 109 103 66 30 121 34 1 20 46 63 19 148 5 54 22 101 53 41 133 74 69 110 138 137 120 90 75 130 61 21 82 111 7 122 49 93 112 94 105 132 71 107 125 123 113 128 16 85 24 70 38 144 89 37 27 118 4 33 108 97 55 100 147 87 42 57 18 
63 109 54 41 78 66 12 46 30 14 129 64 146 106 103 5 133 148 26 74 84 105 53 79 7 111 21 0 114 76 52 16 39 137 113 112 24 107 89 1 61 115 82 11 34 144 33 67 29 125 136 59 124 3 71 108 139 45 97 123 49 38 22 40 57 92 147 101 132 87 27 23 70 142 37 48 88 141 116 17 28 100 90 131 94 31 20 13 85 58 121 55 122 93 118 69 68 60 98 140 110 104 4 2 18 36 72 120 117 75 9 35 56 91 25 73 138 119 130 42 99 32 8 128 44 77 65 15 80 6 134 135 145 81 62 43 96 50 126 102 47 143 127 83 10 95 51 149 86 19 
121 101 22 88 69 138 110 120 67 29 130 75 34 40 90 1 122 93 58 117 94 72 2 128 76 49 114 79 132 139 61 103 82 85 53 137 148 5 68 71 146 123 59 64 133 74 4 125 70 30 112 106 129 46 118 42 37 21 38 66 55 3 115 111 27 107 73 12 13 100 56 7 35 99 142 78 26 54 135 32 113 14 87 105 41 147 109 63 92 44 80 144 140 19 97 98 9 39 108 11 16 96 91 18 84 24 104 89 143 57 33 48 0 52 17 45 124 28 65 95 141 47 36 136 119 102 43 23 83 131 62 15 149 127 60 10 86 51 31 134 116 50 126 145 25 8 77 81 6 20 
111 7 74 112 133 105 107 113 137 53 16 5 125 82 61 148 144 24 89 46 71 33 108 103 41 30 123 97 38 54 66 147 27 87 49 70 37 57 132 63 1 146 64 100 19 79 34 55 109 118 85 78 129 12 67 76 94 4 22 114 90 101 106 29 122 93 42 14 69 110 75 120 26 20 128 138 121 88 40 130 84 139 59 39 115 0 52 58 3 11 117 2 72 68 142 92 124 136 13 45 48 56 73 35 140 98 17 23 28 141 104 9 18 99 91 32 116 131 31 44 135 80 36 60 119 96 25 65 143 15 8 43 62 77 134 145 47 102 50 126 81 6 127 83 95 10 51 149 86 21 
101 34 67 69 1 90 20 110 120 121 75 29 122 93 138 94 130 88 49 132 61 40 82 128 76 137 79 53 85 71 103 148 5 114 123 58 74 117 133 125 112 146 70 64 4 2 72 118 38 37 21 30 46 139 55 111 42 107 27 100 129 7 66 106 59 113 12 87 147 68 105 54 144 97 41 78 108 16 115 63 109 19 3 26 14 24 89 57 33 13 73 142 56 39 35 84 99 11 92 32 135 140 98 9 44 80 91 0 18 52 104 96 48 45 143 124 17 28 136 141 65 36 23 119 131 47 95 60 102 43 31 116 15 62 83 127 134 10 149 25 50 126 51 145 86 8 77 81 6 22 
31 116 131 141 124 60 45 136 25 28 36 17 8 48 77 52 11 0 119 6 81 39 145 84 92 15 134 62 50 126 104 26 115 142 65 43 18 3 98 140 14 91 9 102 13 59 127 106 47 12 78 35 129 83 56 109 44 73 139 10 32 51 99 80 64 114 146 19 63 96 68 95 66 149 76 143 135 79 30 54 46 41 103 86 40 58 148 2 29 72 5 117 67 53 88 133 1 34 74 21 7 105 111 137 121 22 20 101 112 61 16 82 113 107 24 49 125 69 89 90 71 110 144 120 132 138 33 123 75 122 94 93 130 38 108 97 70 85 37 27 147 87 57 100 128 118 55 4 42 23 
89 16 33 113 144 105 7 108 107 111 57 97 21 112 147 74 87 125 133 38 137 27 82 41 61 37 71 53 123 5 100 70 54 46 148 55 30 66 63 19 118 103 49 132 4 109 85 64 146 78 1 79 42 12 34 94 129 90 93 122 76 67 106 22 14 114 101 29 69 75 110 26 120 128 84 20 138 130 121 88 40 0 52 39 59 139 115 11 3 58 117 136 2 72 124 45 92 142 68 13 48 23 17 141 28 116 140 98 56 73 35 131 31 104 18 9 91 99 32 60 36 44 135 80 119 25 96 65 8 15 77 143 62 134 43 6 145 81 50 102 47 126 127 83 95 10 51 149 86 24 
60 77 8 131 31 81 6 141 116 23 36 28 145 119 134 17 45 15 124 50 126 48 62 136 43 65 11 92 104 52 102 18 127 0 39 98 47 91 142 140 9 83 84 3 115 10 51 13 26 35 44 56 149 59 95 14 32 80 73 99 96 143 106 139 135 12 86 129 78 68 109 114 64 146 76 19 63 66 79 30 54 40 2 58 72 46 103 41 117 29 148 88 5 67 53 1 34 133 74 121 20 22 21 7 101 111 105 137 61 112 82 16 113 107 69 90 24 49 110 120 125 138 71 75 89 122 132 94 93 130 144 123 33 38 108 70 85 97 37 27 147 87 128 57 100 118 55 4 42 25 
14 84 39 106 12 129 0 78 52 11 115 109 64 146 3 114 59 66 124 63 45 19 79 30 76 136 92 46 54 103 142 48 139 41 17 28 141 23 148 5 13 131 116 31 98 53 140 104 29 18 133 36 40 60 67 9 1 91 68 74 34 35 56 119 73 25 58 88 21 99 7 111 137 32 2 65 105 72 44 8 15 117 77 80 22 134 62 145 43 101 112 61 82 135 81 121 20 50 126 96 6 16 102 107 113 47 143 24 49 127 125 71 90 83 89 69 123 144 132 110 94 10 33 122 120 95 93 51 75 138 38 108 70 149 97 130 37 85 27 147 87 57 100 118 86 55 4 128 42 26 
38 37 100 70 87 147 55 123 118 125 97 71 108 4 107 144 112 82 132 57 85 61 42 49 113 137 89 33 21 111 24 7 16 94 74 105 133 93 122 53 90 5 148 1 128 22 34 75 101 69 110 103 120 46 67 30 130 138 41 54 79 66 29 146 64 20 76 63 19 121 114 129 109 12 78 88 106 40 14 26 58 139 117 59 2 72 84 115 39 3 0 68 52 11 142 13 92 73 56 124 35 45 136 140 98 48 99 9 32 18 104 91 17 135 44 28 80 141 23 96 131 116 31 36 143 60 119 65 25 15 43 47 62 8 102 134 77 145 50 95 126 127 83 81 10 6 51 149 86 27 
17 48 36 141 45 60 119 131 124 23 31 92 11 25 15 8 104 116 134 145 77 18 62 65 142 98 43 136 39 50 126 140 81 91 3 115 9 52 13 0 102 6 127 47 84 35 26 59 56 83 44 73 32 99 80 10 51 14 96 139 106 95 143 149 68 135 129 12 78 114 86 64 76 109 146 79 40 58 2 72 66 63 19 30 117 103 29 46 54 88 41 67 148 5 1 34 53 133 121 20 74 22 101 137 21 111 7 105 61 82 112 69 110 90 120 49 138 16 107 113 75 71 122 130 125 93 94 132 24 123 89 144 33 38 85 70 108 37 128 27 97 147 87 100 118 55 57 4 42 28 
67 34 1 88 40 76 22 114 101 79 20 121 103 58 139 146 148 64 117 69 53 5 2 90 110 72 120 59 138 106 75 129 30 137 122 61 93 49 130 46 94 133 82 74 68 66 12 132 115 3 71 112 78 21 26 123 54 85 111 128 14 125 109 7 13 41 63 142 19 107 73 39 70 56 35 38 92 11 105 84 37 99 4 113 118 27 32 140 98 55 9 135 100 16 44 144 42 91 18 80 104 0 87 147 52 48 97 24 108 89 96 45 124 17 33 143 28 57 136 141 65 36 23 119 131 47 60 43 31 102 15 116 95 62 83 127 134 25 50 126 10 145 149 51 8 86 77 81 6 29 
46 66 64 103 146 54 148 5 129 41 12 63 133 78 53 19 109 79 74 106 76 14 114 21 111 7 137 105 1 26 112 34 61 67 29 82 84 107 113 16 125 24 39 71 22 59 89 49 115 144 0 101 52 123 139 40 33 132 38 11 3 88 108 97 70 90 27 37 20 94 147 87 121 122 93 85 57 69 58 100 110 124 92 142 120 55 136 118 75 45 2 117 4 72 138 68 13 48 130 17 28 23 42 141 140 98 128 56 35 73 104 18 9 116 91 131 31 99 32 36 60 44 119 80 135 25 65 96 15 8 143 77 62 43 134 145 102 47 50 126 81 6 127 83 95 10 51 149 86 30 
131 116 23 60 25 141 124 45 28 8 77 136 36 6 17 81 119 48 145 134 11 15 52 0 39 50 126 62 92 84 43 65 104 18 142 115 26 98 3 140 91 102 127 9 47 14 13 83 59 35 106 10 51 56 44 12 78 73 129 32 80 99 109 139 149 95 96 143 114 64 68 135 146 19 63 66 76 79 86 30 54 46 41 103 40 58 2 72 148 29 5 117 88 67 53 133 1 34 74 21 7 105 111 121 137 20 22 101 112 61 82 16 113 107 24 49 69 125 90 89 71 110 120 144 138 132 33 123 75 122 94 93 130 38 108 97 70 85 37 27 147 87 57 100 128 118 55 4 42 31 
99 44 80 73 56 35 135 96 9 143 13 91 140 98 18 68 104 142 95 47 65 92 3 102 139 59 83 149 10 2 72 127 43 51 48 115 86 58 17 62 117 119 15 28 11 36 50 126 40 134 45 145 39 141 88 124 114 60 8 76 131 26 29 106 77 23 25 31 81 84 121 79 129 67 52 0 116 20 146 136 64 14 12 34 1 78 103 6 101 22 30 66 109 148 46 5 69 138 53 110 120 63 19 130 54 75 90 133 41 122 74 137 93 61 94 49 82 21 132 128 111 112 7 71 105 123 85 125 107 113 70 38 16 37 4 118 27 24 144 55 100 89 42 97 108 147 87 33 57 32 
89 24 144 16 108 113 57 97 107 105 7 147 87 111 21 112 125 27 38 74 37 100 133 137 123 70 71 82 61 55 53 41 118 5 148 54 46 132 49 4 30 85 66 103 63 19 42 109 94 1 64 146 79 78 34 12 93 90 122 129 22 67 101 76 106 114 14 29 69 75 110 128 120 26 138 130 20 84 121 88 40 0 39 52 139 59 115 58 11 3 117 2 72 136 124 68 92 142 45 13 48 23 17 141 28 56 73 140 98 35 116 104 131 18 31 9 91 99 32 60 36 44 135 80 119 25 96 65 8 15 143 77 62 43 134 145 6 81 47 102 50 126 127 83 95 10 51 149 86 33 
1 67 22 29 101 79 76 20 103 53 90 148 121 88 69 114 5 61 137 49 110 40 82 122 120 94 93 146 75 132 64 138 133 74 71 130 30 46 112 123 21 85 58 129 125 66 106 139 111 117 128 7 70 107 2 72 12 38 59 54 37 78 4 118 41 27 105 113 55 63 109 100 19 26 14 115 68 42 144 16 87 147 3 97 108 24 89 39 33 84 13 142 57 11 73 56 92 35 99 0 52 140 98 32 9 135 91 18 44 104 48 80 45 124 17 96 28 136 143 141 23 36 65 131 119 60 31 116 47 43 15 102 62 95 25 134 127 83 50 126 8 145 10 149 51 77 86 81 6 34 
56 73 99 32 13 44 9 80 140 98 91 135 18 96 142 68 104 143 92 3 59 139 65 115 47 48 95 102 2 72 17 43 83 58 127 11 10 117 119 149 28 62 51 15 36 40 86 50 45 126 134 39 141 145 124 114 88 60 26 76 131 106 8 29 23 84 25 31 77 129 79 52 0 67 81 146 14 121 64 136 116 12 20 34 1 78 103 6 101 22 30 66 109 148 46 5 53 63 19 69 54 138 110 120 133 130 75 41 90 74 137 122 93 61 94 82 49 21 111 132 7 112 128 71 105 123 125 85 107 113 70 16 38 37 24 4 27 144 118 89 55 100 97 108 42 147 87 33 57 35 
119 28 17 60 141 15 8 48 134 145 131 25 77 62 45 50 126 31 43 65 23 81 104 124 92 116 18 11 102 98 91 140 127 6 142 47 9 136 83 39 3 13 115 10 51 52 35 44 0 56 32 80 73 99 84 95 149 59 96 26 143 135 139 68 86 14 106 129 12 114 78 76 64 146 109 2 58 72 40 79 117 66 63 19 30 29 103 88 46 54 67 41 148 5 1 34 53 121 133 20 22 74 101 137 21 111 7 105 61 82 69 112 110 90 138 120 49 75 16 107 130 113 122 71 93 94 125 132 24 123 89 144 85 33 38 70 128 37 108 27 97 147 87 100 118 55 4 57 42 36 
70 27 38 100 55 118 123 87 71 125 147 4 85 132 97 82 42 49 61 107 108 112 144 57 137 113 94 21 111 89 33 93 7 122 74 24 16 90 53 105 133 128 5 148 1 75 22 69 34 110 101 120 103 130 138 67 46 30 79 29 41 20 54 66 146 64 121 76 63 114 19 88 129 109 12 78 40 106 14 58 139 117 26 2 72 59 84 115 39 3 68 0 52 11 142 13 92 73 56 35 124 45 140 99 98 136 48 32 9 18 135 104 91 17 44 80 28 141 23 96 131 116 143 36 31 60 119 65 25 15 43 47 62 102 8 134 95 145 77 50 126 127 83 10 81 51 149 6 86 37 
27 37 70 100 123 125 87 147 71 55 118 97 107 82 112 108 4 132 61 85 144 49 137 57 113 42 21 111 89 7 33 74 94 16 24 105 133 53 93 122 90 5 148 1 34 22 128 101 75 103 69 110 120 46 67 30 41 130 138 79 54 66 29 146 64 20 76 63 121 19 114 129 109 12 78 88 106 40 14 26 58 139 117 59 2 72 84 115 39 3 68 0 52 11 142 13 92 73 56 124 35 45 136 140 98 48 99 9 32 18 104 91 17 135 44 28 80 141 23 96 131 116 31 36 143 60 119 65 25 15 43 47 62 102 8 134 77 145 50 95 126 127 83 81 10 6 51 149 86 38 
11 26 84 52 0 115 124 45 14 3 92 106 136 48 17 28 59 141 12 129 142 23 78 131 116 31 109 64 114 36 146 60 104 139 13 98 140 18 76 66 119 79 91 63 19 9 25 30 35 56 54 46 103 8 65 73 15 68 77 41 134 62 145 99 32 44 148 43 40 29 5 81 50 126 80 6 58 102 67 53 47 133 1 2 135 96 72 34 88 127 117 74 143 83 10 21 51 137 7 111 95 22 105 101 121 20 149 61 112 82 16 107 113 86 49 125 24 90 69 71 110 132 120 89 123 122 94 144 138 75 93 33 130 38 70 108 85 97 37 27 147 87 57 100 118 128 55 4 42 39 
88 58 29 117 2 72 139 67 121 20 76 114 68 34 59 1 101 22 79 3 146 115 69 103 64 13 106 73 110 138 56 120 129 35 142 90 75 148 130 99 53 5 32 135 122 30 92 93 26 140 12 98 9 44 46 94 80 66 137 49 91 61 11 39 133 18 14 78 82 96 104 74 132 128 143 84 109 48 71 54 21 112 63 85 123 19 17 41 111 125 45 7 0 52 124 28 107 65 70 38 105 37 4 141 47 118 36 113 119 95 27 55 102 43 42 100 136 16 23 15 62 83 144 131 127 60 87 147 149 10 24 97 51 108 31 134 86 89 50 126 116 145 33 25 8 57 77 81 6 40 
54 63 19 66 46 30 109 78 133 105 5 12 74 7 148 64 111 103 21 146 53 129 14 16 106 79 113 24 137 112 107 89 26 76 114 144 84 33 61 82 125 1 34 108 0 71 52 97 39 67 123 29 38 57 49 147 87 27 132 115 70 37 22 59 11 101 100 139 3 136 40 55 85 94 90 124 118 88 122 93 45 4 20 69 92 121 110 142 75 120 58 23 48 42 141 138 17 13 28 116 2 68 117 130 72 131 31 128 98 140 104 18 60 56 35 9 73 36 91 25 99 119 32 44 80 8 65 135 77 15 6 96 134 62 145 43 81 50 126 143 102 47 127 83 95 10 51 149 86 41 
4 118 55 85 100 70 37 132 27 123 38 94 71 49 93 87 122 128 147 125 90 82 61 97 75 108 112 110 120 107 69 137 57 130 144 138 22 101 113 21 111 74 1 34 33 89 7 53 133 24 16 20 67 5 105 148 121 103 29 46 79 30 88 76 146 64 66 41 114 54 40 129 63 19 58 12 106 117 109 78 72 2 139 14 59 26 68 115 3 84 39 13 11 142 0 73 52 56 92 35 99 32 140 135 98 9 44 124 80 91 18 48 45 104 136 96 17 28 143 141 23 36 131 65 116 31 119 60 47 43 15 102 95 62 25 134 83 127 8 50 126 145 10 149 77 51 86 81 6 42 
62 65 102 50 126 15 127 134 47 119 83 145 10 51 36 104 18 91 8 17 149 98 9 28 95 140 48 77 81 60 44 92 25 141 80 142 96 131 143 35 32 86 13 56 45 99 31 73 23 135 124 6 11 3 116 115 39 59 68 136 139 52 0 84 26 2 72 106 58 14 117 114 40 129 76 12 78 64 146 88 79 29 109 66 67 30 103 63 19 46 121 34 1 54 148 20 5 41 53 22 101 133 74 69 137 110 138 120 21 90 61 111 130 75 7 82 105 122 112 49 93 94 132 71 107 125 113 16 123 128 24 85 144 89 38 70 37 33 27 108 97 118 4 100 147 55 87 57 42 43 
80 32 99 96 35 56 73 135 9 143 91 140 98 13 18 104 142 68 95 47 65 102 92 83 149 10 3 127 51 43 86 48 59 62 139 17 115 15 119 2 72 50 126 28 36 58 134 11 117 145 45 40 141 39 60 124 8 131 88 77 114 25 23 26 81 31 76 106 29 84 116 52 0 136 129 79 121 67 14 146 64 20 12 6 34 78 1 103 101 22 30 66 109 148 46 5 53 63 69 138 19 110 54 120 130 75 90 133 41 74 137 122 93 61 94 49 82 21 111 132 7 128 112 71 105 123 125 85 107 113 70 16 38 37 4 24 27 118 144 55 89 100 42 97 108 147 87 33 57 44 
124 141 28 17 11 23 48 131 31 60 136 39 36 116 92 52 0 25 119 84 115 142 3 8 104 26 77 18 15 98 140 134 145 81 65 91 62 9 13 59 43 6 50 14 126 106 35 102 56 12 129 47 139 127 73 78 44 32 99 80 83 114 109 64 68 146 96 10 76 51 135 79 63 143 19 66 95 30 149 54 46 40 103 58 2 41 72 29 148 86 117 5 88 67 53 1 34 133 74 121 20 22 21 101 137 7 111 105 61 112 82 16 113 107 69 49 90 110 24 125 71 120 138 75 122 132 89 94 93 123 130 144 33 38 70 108 85 97 37 27 147 87 128 57 100 118 55 4 42 45 
30 66 54 5 148 103 133 41 64 146 53 63 19 74 109 78 12 129 79 21 111 7 106 105 137 76 14 114 112 1 61 26 82 34 107 113 16 67 29 24 125 84 89 71 144 49 123 33 22 39 101 132 38 108 59 0 115 97 52 40 139 70 27 37 147 87 88 90 94 11 57 3 85 20 122 100 93 121 69 55 118 110 120 75 58 4 124 92 136 142 138 45 2 117 72 130 68 13 42 48 128 17 23 28 141 140 98 56 35 73 104 18 9 116 131 91 31 99 32 36 60 44 80 119 135 25 65 96 15 8 77 143 62 43 134 145 102 47 50 126 81 6 127 83 95 10 51 149 86 46 
102 83 127 10 51 65 43 95 149 62 50 126 15 91 18 104 9 134 44 86 143 96 98 80 140 119 145 32 35 99 36 56 135 73 13 17 48 142 92 28 8 77 60 81 141 3 25 45 131 68 11 115 31 124 23 59 6 116 139 39 136 2 72 58 52 117 26 0 84 40 106 114 14 76 88 129 12 29 79 146 64 78 67 121 109 103 20 66 30 34 1 63 46 19 148 22 101 54 5 53 41 133 69 138 110 120 74 130 75 90 137 61 21 122 82 93 111 49 7 94 112 105 132 71 128 125 107 123 113 85 16 70 24 38 144 37 89 27 4 118 33 55 108 100 97 147 87 42 57 47 
17 28 92 45 36 11 104 141 119 142 18 124 98 140 60 3 131 91 65 115 9 23 15 39 13 31 62 134 43 25 8 145 116 50 126 35 77 136 59 102 56 52 0 47 44 73 81 26 84 127 32 99 80 83 139 96 6 68 10 51 135 106 14 143 95 149 129 114 12 78 76 64 146 86 58 40 2 79 72 109 117 66 30 29 63 19 103 88 46 54 67 148 41 5 1 34 53 121 133 20 22 101 74 137 21 111 7 61 105 69 82 112 110 90 120 138 49 75 130 122 107 93 16 71 113 94 125 132 123 24 89 144 85 38 70 33 128 37 27 108 97 147 87 118 100 4 55 57 42 48 
132 71 61 82 123 94 85 90 93 122 70 125 137 37 38 4 118 112 55 22 27 101 100 1 34 75 69 110 42 120 53 107 128 74 21 87 67 147 133 5 111 138 148 130 97 7 113 103 144 108 20 29 121 79 105 57 16 46 89 76 30 24 33 146 88 64 114 66 40 54 41 129 106 63 12 19 78 58 109 117 139 2 72 14 59 26 115 68 3 84 39 11 13 142 0 52 73 92 56 35 99 140 98 32 9 135 124 48 45 18 91 44 104 80 136 17 96 28 141 143 23 36 131 65 116 31 119 60 47 15 43 102 25 62 95 134 8 127 83 50 145 126 77 10 149 51 86 81 6 49 
126 62 134 15 145 43 119 127 102 65 36 8 47 83 77 81 10 51 60 28 17 25 104 18 48 141 91 149 131 98 95 9 140 6 31 92 45 23 44 142 116 86 124 80 96 13 35 143 32 56 11 99 73 3 135 136 115 39 59 52 0 68 84 139 26 14 106 2 72 58 114 129 12 117 40 76 78 64 146 79 109 88 29 66 63 30 19 103 67 46 54 148 34 1 121 41 5 20 53 22 101 133 74 137 69 21 111 110 7 138 120 61 90 105 82 75 130 112 49 122 93 94 107 71 132 16 113 125 123 24 128 85 89 144 38 70 33 37 27 108 97 118 147 4 87 100 55 57 42 50 
10 83 149 127 47 102 95 86 43 65 62 50 126 15 143 134 96 91 44 80 145 18 9 104 119 98 140 32 99 135 35 36 56 73 13 8 17 48 142 28 77 81 92 60 25 141 131 3 68 45 31 11 6 23 115 124 59 116 139 39 2 72 136 58 117 52 0 26 84 40 114 106 88 14 76 129 12 29 79 146 64 78 67 121 20 109 103 34 66 30 1 63 46 19 101 22 148 54 5 53 41 69 138 133 110 120 130 74 75 90 137 122 61 93 21 82 49 94 111 7 112 105 132 71 128 125 107 123 85 113 16 70 38 24 144 37 89 27 4 118 55 33 100 108 97 147 87 42 57 51 
0 84 136 39 124 26 11 14 45 23 116 141 12 78 31 131 106 115 28 48 109 129 17 92 60 3 19 63 36 25 64 59 142 66 146 54 119 114 30 8 104 77 41 46 79 18 98 76 140 13 139 6 103 81 91 15 9 145 134 65 148 62 5 35 43 50 56 126 73 133 53 68 29 44 32 99 40 102 74 47 67 80 1 127 34 7 105 58 21 111 96 83 135 88 2 72 137 143 117 10 51 112 16 95 61 22 113 82 101 149 107 24 121 20 89 125 144 49 71 33 86 123 90 132 69 108 110 38 94 122 97 120 93 75 70 138 27 37 147 57 87 85 130 100 118 55 4 128 42 52 
5 148 133 74 103 137 46 21 30 111 61 112 82 79 7 1 146 66 64 34 107 54 105 125 41 76 71 67 49 113 129 114 123 29 63 132 12 16 19 22 78 106 109 101 38 144 24 70 89 90 94 37 27 108 97 85 122 33 93 147 14 87 100 69 118 55 20 110 40 88 26 75 57 120 4 121 138 139 59 130 42 84 128 115 58 39 3 117 0 2 72 52 11 68 142 92 13 124 45 136 56 73 48 35 140 98 17 9 18 104 99 28 91 32 141 23 44 135 80 131 116 31 36 96 60 119 65 143 25 15 43 62 8 47 134 102 77 145 50 126 127 81 95 83 6 10 51 149 86 53 
41 63 19 66 46 30 109 78 12 133 64 5 148 146 129 103 74 53 105 14 7 111 21 106 79 16 26 137 112 113 76 114 84 24 107 89 61 1 82 144 0 33 34 125 52 39 67 29 71 108 123 97 115 49 38 59 11 57 22 147 132 87 27 139 70 101 37 3 40 136 124 100 88 90 94 45 85 55 118 122 92 20 93 142 121 69 4 110 58 48 23 120 75 141 17 13 28 116 68 2 138 117 72 42 131 31 130 98 140 104 18 128 56 35 60 9 73 36 91 25 99 119 32 44 80 8 65 135 77 15 96 134 62 6 145 43 81 50 126 143 102 47 127 83 95 10 51 149 86 54 
118 100 37 70 4 27 38 42 123 85 87 147 71 132 125 49 97 82 61 108 107 94 112 57 144 137 93 122 113 90 21 111 128 33 89 7 74 24 16 75 53 133 110 105 69 120 22 101 1 5 34 130 148 138 103 67 46 20 29 30 79 121 41 54 66 146 64 76 88 114 63 19 129 40 109 12 78 106 58 14 117 139 2 72 26 59 115 84 68 3 39 0 52 11 142 13 92 73 56 35 99 124 140 98 32 45 9 48 136 135 18 91 104 44 80 17 28 96 141 23 143 131 116 36 31 60 65 119 25 15 47 43 62 102 8 95 134 145 127 50 77 126 83 10 149 51 81 6 86 55 
35 73 99 32 13 44 80 9 140 135 98 91 96 68 18 142 104 143 3 92 59 139 65 115 47 2 72 48 95 58 102 17 117 43 83 127 11 10 149 119 28 51 40 62 15 36 86 45 50 39 126 134 88 114 141 124 145 76 26 60 106 29 131 8 23 84 79 129 25 31 77 67 52 121 146 0 64 14 81 20 136 12 116 34 1 78 103 101 22 30 66 6 109 148 46 5 53 69 63 138 19 110 54 120 130 75 133 90 41 74 137 122 93 61 94 49 82 21 111 132 112 7 128 71 105 123 125 85 107 113 70 16 38 37 4 27 24 118 144 55 89 100 42 97 108 147 87 33 57 56 
108 97 144 147 33 87 89 24 113 107 27 16 38 100 125 37 112 70 55 105 7 111 123 21 71 118 82 137 61 74 4 132 133 42 85 49 53 5 148 41 94 46 54 103 30 93 122 66 90 1 63 19 34 22 146 64 79 101 128 109 75 67 69 110 120 78 12 129 76 29 138 130 114 106 20 14 121 88 26 40 84 139 59 58 39 0 115 52 117 2 72 3 11 68 136 142 124 92 13 45 48 56 73 35 140 98 17 23 28 141 9 104 18 99 91 116 32 131 31 44 135 80 36 60 96 119 25 65 143 15 8 77 43 62 134 145 47 102 6 50 126 81 127 83 95 10 51 149 86 57 
2 117 72 40 88 68 139 121 29 20 59 67 73 76 114 56 13 35 99 34 101 135 3 22 32 1 115 79 142 80 44 140 138 9 69 98 96 110 120 91 92 146 130 106 75 143 64 18 103 104 90 129 148 122 26 11 93 53 5 39 12 30 94 48 46 49 14 66 137 61 128 17 78 133 65 82 84 132 74 95 45 28 47 109 124 71 102 54 85 52 0 63 119 43 36 83 19 21 112 123 149 141 127 41 10 86 62 111 51 125 15 7 70 50 107 134 23 126 131 60 136 4 38 37 105 118 145 31 27 55 113 42 8 116 100 25 16 77 144 87 147 97 24 108 81 89 33 57 6 58 
139 3 115 142 13 92 114 68 11 76 106 56 40 35 140 39 98 73 26 58 9 18 104 129 91 2 79 48 72 99 32 146 29 64 117 88 44 17 12 14 84 45 80 67 135 28 124 78 103 52 0 96 34 1 30 66 141 65 36 143 109 148 121 119 46 20 5 136 23 131 22 53 101 63 60 43 19 47 15 54 102 62 31 133 116 134 41 127 50 95 126 83 25 145 74 8 137 10 51 69 77 149 110 61 90 120 138 21 82 81 75 111 130 49 86 7 122 112 93 94 105 132 6 71 125 107 123 113 85 16 128 70 38 24 144 37 89 27 118 4 108 55 100 33 97 147 87 42 57 59 
131 25 141 31 36 8 77 23 28 116 119 17 81 45 145 124 134 48 15 6 50 62 136 126 43 11 65 92 104 18 39 52 0 102 98 142 127 140 91 47 9 3 115 84 83 13 26 10 51 35 44 56 59 32 73 80 14 99 149 95 96 106 143 139 135 12 129 68 78 86 109 114 64 146 76 19 63 79 66 30 40 58 2 72 54 46 103 117 41 29 88 148 5 67 1 53 34 133 74 121 20 22 101 21 137 7 111 105 61 112 82 16 69 113 107 90 110 49 120 24 138 125 71 75 122 130 132 93 94 89 123 144 33 38 70 85 108 97 37 27 128 147 87 57 100 118 55 4 42 60 
82 137 71 49 125 123 112 132 53 74 38 70 107 21 37 133 111 85 5 27 1 94 148 7 34 100 118 113 90 55 122 93 103 22 87 4 147 144 97 101 105 108 67 16 46 69 79 42 30 89 24 110 75 29 120 57 33 146 64 66 76 128 138 54 41 20 130 114 121 129 63 88 19 12 106 78 109 40 14 139 58 26 117 59 2 72 115 84 3 39 68 0 11 52 142 13 92 73 56 35 124 140 45 98 99 48 136 9 32 18 104 91 135 17 44 80 28 141 23 96 131 36 116 143 31 60 119 65 25 15 43 47 62 102 8 134 145 95 77 50 126 127 83 10 81 51 149 6 86 61 
43 15 50 126 134 65 145 119 102 127 47 36 83 8 10 51 104 77 17 28 18 81 60 48 91 25 98 9 140 149 141 95 131 92 45 31 44 142 80 23 6 13 96 35 32 143 86 124 56 99 116 11 73 3 135 115 136 39 59 68 52 0 139 84 26 106 14 2 72 58 114 129 117 40 12 76 78 64 146 79 88 109 29 66 30 63 19 103 67 46 54 34 121 1 148 5 20 41 53 22 101 133 74 137 69 21 110 138 111 120 7 61 90 82 75 105 130 112 49 122 93 94 71 132 107 125 113 16 123 24 128 85 89 144 38 70 33 37 27 108 97 118 4 147 100 87 55 57 42 62 
19 109 54 41 66 78 12 46 30 14 129 64 146 106 103 5 133 148 26 74 53 105 79 84 7 111 21 114 76 0 52 16 137 39 113 112 24 107 1 89 61 82 115 34 11 144 33 67 29 125 59 136 124 3 71 108 139 45 97 123 49 38 22 40 57 101 92 147 132 87 27 70 23 37 142 88 48 141 116 17 28 90 100 94 20 131 85 31 13 58 121 122 55 93 118 69 68 110 98 140 60 2 4 104 120 72 117 75 18 36 9 35 56 91 138 73 25 119 130 42 99 32 128 8 44 77 65 15 80 6 135 134 145 62 81 43 96 50 126 102 47 143 127 83 10 95 51 149 86 63 
146 129 79 30 103 106 66 12 46 114 76 78 148 5 109 54 14 53 63 19 26 133 41 74 1 29 34 67 84 137 59 21 115 39 111 7 139 40 105 61 112 3 82 0 52 11 22 88 101 107 113 49 16 125 71 58 20 92 142 121 123 24 132 124 90 45 2 68 13 144 72 117 89 94 69 136 122 48 38 93 110 33 70 120 75 108 17 37 85 140 98 27 97 56 138 35 28 73 104 147 141 18 87 9 23 130 91 100 118 55 57 99 32 4 131 116 31 36 44 128 60 80 135 119 42 65 96 25 15 143 8 43 62 134 77 145 47 102 50 126 81 127 6 83 95 10 51 149 86 64 
43 102 62 47 127 15 104 18 119 50 126 91 83 134 9 98 140 10 36 145 51 17 48 28 44 95 149 92 80 142 35 96 13 32 8 56 143 99 60 73 141 77 81 45 25 135 86 131 3 11 31 124 23 115 68 116 59 6 39 139 136 52 0 26 84 2 72 58 106 117 114 14 40 129 76 12 88 64 146 78 79 29 109 67 66 103 30 63 121 19 34 46 1 20 148 54 5 22 41 101 53 133 74 69 137 138 110 120 90 21 130 75 61 111 7 82 122 49 105 93 112 94 132 71 107 125 113 123 16 128 85 24 70 38 144 89 37 27 33 108 118 4 97 100 55 147 87 42 57 65 
30 46 54 63 78 109 19 64 12 41 146 129 103 148 5 106 133 79 14 53 74 76 114 26 21 7 111 105 137 84 1 112 34 16 113 61 67 29 107 39 82 0 52 24 115 125 59 89 144 71 11 139 22 49 33 3 40 123 101 108 132 38 88 97 124 136 70 27 147 37 90 45 87 92 20 94 57 142 121 58 122 85 93 100 69 48 110 13 55 118 120 68 75 2 117 72 17 23 141 28 4 138 98 140 116 130 131 104 56 18 35 31 73 9 91 42 128 60 36 99 32 119 44 25 80 135 65 8 15 96 77 62 134 43 145 143 6 81 50 126 102 47 127 83 95 10 51 149 86 66 
29 34 1 22 101 76 88 20 79 40 121 114 103 69 90 148 53 110 5 146 120 64 75 58 122 138 61 137 49 93 94 139 82 130 117 133 30 132 2 74 46 72 129 106 71 59 66 112 123 21 85 12 125 128 111 68 7 78 54 115 70 107 26 3 38 41 14 109 37 63 19 4 105 118 27 113 55 100 13 142 39 42 144 73 16 84 56 87 147 11 35 97 92 108 24 99 89 32 140 98 33 9 135 0 52 44 57 91 18 80 104 48 45 96 124 17 143 28 136 141 65 36 23 119 131 60 47 31 116 43 102 15 95 62 83 127 134 25 50 126 10 145 8 149 51 77 86 81 6 67 
73 56 2 72 139 35 99 13 58 32 135 117 59 44 80 40 142 9 3 140 98 96 91 18 115 143 88 92 104 114 29 76 48 121 11 65 67 20 17 47 95 79 106 39 102 26 28 34 129 146 43 83 1 45 64 119 149 127 101 10 22 36 62 51 86 15 124 103 12 84 141 14 50 126 134 69 52 138 78 148 0 30 60 110 145 120 131 66 5 23 130 46 53 75 90 8 109 136 31 25 77 122 116 93 133 63 54 19 137 94 81 74 61 49 82 41 128 132 21 71 112 111 6 7 85 123 125 105 107 70 38 113 37 4 118 16 27 55 144 100 42 24 89 87 147 97 108 33 57 68 
110 120 75 138 130 90 122 101 93 22 94 20 128 121 34 49 67 1 132 85 29 88 61 82 71 123 40 4 137 70 42 118 53 76 125 58 117 37 55 79 38 148 103 5 112 114 72 100 2 27 74 133 21 107 146 111 64 139 87 147 30 46 7 97 113 129 144 66 108 68 59 106 105 16 12 54 57 89 41 24 78 33 115 63 3 109 19 26 14 73 13 56 35 142 99 135 32 39 92 84 11 140 44 98 80 9 91 96 18 104 0 143 52 48 45 17 124 28 65 136 141 36 47 95 119 23 102 131 43 60 15 62 83 31 127 116 149 10 86 51 134 50 126 25 145 8 77 81 6 69 
37 38 123 27 55 100 118 71 125 4 132 85 87 147 49 82 61 42 97 112 107 108 137 94 144 57 113 93 122 21 111 90 74 7 89 33 53 16 133 24 128 105 75 5 1 22 69 110 101 148 34 120 103 130 138 67 46 30 29 79 20 41 66 54 121 146 64 76 114 88 63 19 129 40 12 109 78 106 14 58 139 117 26 2 72 59 84 115 3 39 68 0 52 11 142 13 92 73 56 35 124 99 140 98 45 32 48 136 9 135 18 91 104 44 17 80 28 141 96 23 143 131 116 36 31 60 119 65 25 15 43 47 62 102 8 134 95 145 77 50 127 126 83 10 81 51 149 6 86 70 
123 82 125 61 132 70 49 38 37 27 137 112 85 118 100 55 107 4 87 94 147 21 97 74 111 144 93 113 122 42 108 53 90 7 133 1 5 148 34 22 57 105 101 16 89 24 33 75 69 110 103 120 128 67 46 138 130 30 79 29 20 146 66 64 76 41 54 121 114 88 63 129 19 12 40 109 78 106 14 58 139 117 26 59 2 72 115 84 3 39 68 0 11 52 142 13 92 73 56 35 124 140 99 98 45 48 32 9 136 18 104 91 135 17 44 80 28 141 23 96 143 131 116 36 31 60 119 65 25 15 43 47 62 102 8 134 95 145 50 77 127 126 83 10 81 51 149 6 86 71 
2 117 58 40 68 88 139 121 73 29 20 59 56 99 135 35 13 32 67 114 76 80 3 44 142 101 96 34 22 115 9 140 98 1 143 91 79 138 92 18 69 110 104 120 130 106 75 146 64 90 103 129 11 26 122 48 39 93 148 53 5 12 65 94 95 17 30 47 14 128 46 49 66 28 102 78 61 137 45 84 83 133 149 82 86 132 43 10 124 119 127 74 36 51 109 62 15 52 0 71 141 54 85 63 19 123 112 21 50 126 134 41 111 125 60 131 23 145 7 136 70 107 31 4 38 8 37 118 25 105 116 42 55 77 27 113 100 81 16 144 87 147 97 24 108 89 6 33 57 72 
56 35 99 32 44 80 13 135 9 68 96 140 98 91 18 143 142 104 3 92 139 59 2 72 115 65 58 47 95 117 48 102 17 83 43 40 127 149 10 11 51 62 119 28 86 15 36 88 45 39 50 126 114 134 76 141 124 145 26 29 106 60 131 79 8 121 67 129 23 84 146 20 25 31 77 64 52 0 14 12 34 81 136 116 1 103 78 101 22 30 66 148 109 6 46 5 69 53 138 110 120 63 19 130 54 75 90 133 41 74 122 137 93 61 94 49 82 21 132 111 128 112 7 71 123 105 125 85 107 113 70 38 16 37 4 27 118 144 24 55 100 89 42 97 108 147 87 33 57 73 
133 21 111 53 7 5 137 112 148 105 107 46 61 82 103 113 30 125 16 41 54 66 71 144 24 123 146 64 89 79 1 49 38 63 108 34 19 33 97 132 70 27 37 147 109 87 129 76 78 12 67 57 100 114 22 106 29 85 55 94 101 118 90 122 93 4 14 69 110 26 42 75 120 20 40 88 121 138 84 130 128 139 59 39 115 0 58 52 3 11 117 2 72 68 142 92 124 13 136 45 48 56 73 35 140 98 17 28 23 9 104 18 141 99 91 32 116 131 44 31 135 80 36 60 119 96 65 25 143 15 8 43 62 77 134 47 145 102 50 126 81 6 127 83 95 10 51 149 86 74 
120 110 69 130 138 90 122 93 128 94 101 22 20 121 49 132 85 34 67 1 29 88 61 71 4 82 123 42 118 70 137 40 55 37 125 38 53 100 27 112 76 117 58 148 79 5 103 74 114 72 133 2 107 21 87 147 111 146 64 7 97 139 46 30 113 144 108 66 105 129 106 68 59 57 16 89 24 54 12 33 41 78 63 115 109 19 3 26 14 73 13 56 35 142 99 135 32 39 84 92 11 140 44 80 98 9 91 96 18 104 0 143 52 48 45 17 124 28 65 136 141 36 47 95 119 23 102 131 43 60 15 83 62 31 127 149 116 10 86 51 134 50 126 25 145 8 77 81 6 75 
114 79 146 29 64 103 67 106 129 1 34 40 148 139 30 5 59 12 53 46 88 66 26 78 22 115 101 133 14 58 3 20 121 74 109 54 137 63 2 117 72 19 39 61 41 68 84 82 21 11 142 90 111 49 69 13 112 7 92 110 120 122 71 94 75 93 132 138 0 52 105 56 125 73 35 107 123 130 140 98 48 113 9 99 45 124 18 85 104 32 91 16 70 38 17 44 135 37 28 144 128 80 24 27 136 89 141 118 4 100 108 55 97 96 147 87 33 23 36 131 143 65 42 119 57 31 60 116 15 43 47 62 25 102 134 8 145 50 126 127 95 83 77 10 51 149 81 6 86 76 
8 81 25 60 145 6 134 36 131 31 119 15 141 50 126 116 28 23 62 17 43 45 48 124 65 102 127 136 104 47 18 92 11 83 91 98 10 140 51 9 142 52 39 0 3 149 115 13 95 84 44 35 56 80 32 26 96 73 99 143 59 86 135 14 139 106 68 12 129 78 114 109 64 146 76 19 63 79 2 66 58 72 40 30 117 54 46 103 29 41 88 148 67 5 1 34 53 133 121 74 20 22 101 21 137 7 111 105 61 112 82 69 16 110 90 113 107 49 120 138 24 75 125 71 130 122 93 94 132 89 123 144 33 38 85 70 108 97 37 27 128 147 87 57 100 118 55 4 42 77 
12 109 14 63 129 19 66 106 54 64 30 146 26 46 41 84 103 79 148 5 0 114 39 52 76 133 53 74 115 11 7 21 105 111 59 3 1 137 136 124 29 34 139 67 45 112 16 92 113 61 107 82 142 40 24 48 23 141 89 17 125 28 22 88 144 116 13 101 71 33 131 31 49 58 123 98 140 68 104 108 18 132 60 20 36 38 121 97 2 9 35 72 56 91 90 117 73 70 27 147 94 37 25 87 119 57 69 122 93 110 85 99 32 100 120 75 44 8 55 65 118 138 77 15 80 4 130 135 134 62 145 6 43 81 96 50 126 128 102 42 47 143 127 83 10 95 51 149 86 78 
76 146 103 114 64 148 129 30 5 106 1 29 46 53 67 34 66 12 133 78 74 54 40 109 14 137 26 139 63 59 22 41 19 88 101 61 21 115 82 111 7 112 20 121 3 84 39 58 49 105 90 71 107 125 69 132 2 117 11 72 94 110 123 122 113 93 68 120 0 52 75 142 16 92 138 13 38 85 70 130 24 144 37 89 27 124 56 73 35 45 48 140 108 98 97 33 147 118 100 87 128 55 9 4 18 104 17 99 136 91 32 28 57 44 141 42 135 80 23 131 36 96 116 31 60 119 65 143 25 15 43 62 47 102 8 134 145 50 77 126 127 95 83 81 10 51 6 149 86 79 
44 32 96 99 135 143 35 73 56 9 91 140 98 13 18 104 95 68 47 142 65 102 83 149 10 92 51 86 127 3 43 139 59 48 62 2 72 17 115 15 119 58 50 126 117 36 28 134 11 145 40 45 141 39 60 124 8 88 131 114 77 25 23 26 76 81 31 106 29 84 116 121 52 0 79 129 136 67 20 146 14 64 12 6 34 1 78 103 101 22 30 66 109 148 46 5 138 69 53 110 120 63 19 130 54 75 90 133 41 122 74 137 93 61 94 49 82 21 128 132 111 112 7 71 105 123 85 125 107 113 70 38 16 37 4 118 27 24 144 55 100 89 42 97 108 147 87 33 57 80 
77 8 25 6 145 60 134 36 15 119 126 50 131 31 62 141 116 23 28 43 17 65 45 48 127 124 102 136 47 104 83 18 10 92 51 11 91 98 140 9 142 52 39 149 0 95 3 13 115 44 35 84 80 56 32 96 86 99 73 143 26 59 135 14 139 68 106 12 129 78 114 109 64 146 76 2 19 63 72 58 79 66 40 30 117 54 46 103 29 41 88 148 67 5 1 34 53 133 121 74 20 22 101 21 137 7 111 105 61 112 82 69 16 110 90 113 107 120 138 49 75 24 125 71 130 122 93 94 132 89 123 144 33 38 85 70 108 97 37 27 128 147 87 57 100 118 55 4 42 81 
61 71 137 125 123 112 49 132 38 70 107 74 21 53 37 111 27 85 133 5 7 94 100 148 118 113 1 55 87 147 144 34 4 90 97 122 93 108 103 22 105 101 16 67 89 42 46 24 57 69 30 33 79 110 75 120 29 146 66 64 128 76 41 54 138 130 20 114 121 129 63 19 88 12 109 78 106 40 14 139 58 26 59 117 2 72 115 84 39 3 68 0 52 11 142 13 92 73 56 35 124 45 140 98 99 48 136 9 32 18 104 91 17 135 44 28 80 141 23 96 131 116 36 143 31 60 119 65 25 15 43 47 62 102 8 134 145 77 95 50 126 127 83 10 81 51 149 6 86 82 
10 51 47 127 102 149 95 43 65 62 50 126 86 15 134 143 91 96 18 104 145 44 9 119 80 98 140 32 36 99 35 135 56 73 17 48 13 8 28 142 92 77 81 60 25 141 131 3 45 68 31 11 23 115 6 124 59 116 139 39 136 2 72 58 52 117 0 26 84 40 106 114 14 76 88 129 12 29 79 146 64 78 67 121 109 20 103 66 30 34 1 63 19 46 148 101 22 54 5 53 41 133 69 138 110 120 74 130 75 90 137 61 122 21 93 82 111 49 94 7 112 105 132 71 128 125 107 123 113 85 16 70 24 38 144 37 89 27 4 118 33 55 108 100 97 147 87 42 57 83 
0 52 26 39 14 11 12 78 106 124 136 129 109 45 115 19 63 64 23 146 66 3 141 92 48 59 28 116 30 17 54 114 131 31 46 79 142 41 76 60 103 139 36 148 25 13 104 5 98 140 18 119 53 133 91 9 8 77 29 35 74 56 40 15 68 67 65 1 73 6 134 145 81 34 62 7 21 105 111 43 99 32 44 50 58 126 137 88 80 2 72 102 112 117 47 135 16 96 61 127 22 82 113 101 107 24 143 83 121 20 125 89 10 49 71 51 144 95 33 123 90 132 149 69 108 110 94 38 122 120 93 97 75 70 138 27 37 147 87 85 57 86 130 100 118 55 4 128 42 84 
132 4 49 118 94 70 123 42 71 55 37 93 122 100 38 90 27 82 61 125 128 75 110 137 69 87 120 147 112 22 101 107 130 138 97 1 34 108 21 144 53 74 111 113 67 57 133 7 20 5 148 121 29 89 103 16 33 105 24 79 46 88 76 30 146 64 114 40 66 41 54 129 58 63 106 19 12 117 78 109 2 72 139 14 59 26 68 115 3 84 39 13 142 11 73 0 56 52 92 35 99 32 140 98 135 9 44 91 18 80 124 48 45 104 96 17 136 28 143 141 23 36 131 65 116 119 31 60 47 43 15 102 95 62 25 134 83 127 8 50 126 145 10 149 77 51 86 81 6 85 
149 95 51 10 83 47 143 127 102 96 80 44 65 135 43 32 99 91 62 9 50 126 35 18 56 73 140 104 98 15 134 13 145 119 142 36 68 92 48 17 28 8 3 77 81 60 141 25 59 2 72 115 139 45 131 11 58 117 31 124 23 6 39 116 40 88 136 26 114 52 0 84 76 106 29 121 129 14 79 20 67 146 12 64 78 34 1 103 101 22 109 30 66 148 46 138 69 5 63 110 19 120 130 53 54 75 90 41 133 122 93 74 137 94 61 49 82 128 21 132 111 7 112 71 105 123 85 125 107 113 70 16 38 37 4 118 24 27 144 55 89 100 42 97 108 147 87 33 57 86 
147 97 27 38 108 100 37 57 70 144 125 55 107 123 118 71 113 112 33 89 4 82 24 61 16 132 85 111 42 21 137 7 49 105 74 133 94 53 5 93 122 148 90 1 46 103 34 128 22 41 30 101 75 54 69 110 120 66 67 79 146 130 138 64 63 19 29 76 20 109 129 114 78 12 121 106 88 14 40 26 139 58 84 59 117 2 72 115 39 0 52 3 11 68 142 92 13 124 136 45 73 56 35 48 140 98 99 9 17 32 18 104 91 28 23 141 135 44 80 116 131 31 96 36 60 143 119 65 25 15 43 8 62 47 134 102 77 145 50 126 127 95 81 83 6 10 51 149 86 87 
40 121 58 20 29 117 67 2 72 101 22 34 139 1 76 114 69 138 110 68 120 79 130 59 75 90 122 103 93 146 64 94 148 3 53 106 115 5 73 49 13 129 56 61 128 35 137 99 30 82 132 142 32 135 46 133 12 66 74 26 71 85 140 44 92 80 98 9 123 78 112 91 14 39 96 11 21 18 125 104 54 111 109 143 70 7 63 84 4 41 19 107 38 48 37 118 55 42 27 105 17 100 113 45 0 52 124 28 65 144 87 147 16 97 108 47 95 24 141 36 89 119 102 43 136 33 83 23 62 15 127 57 149 131 10 60 86 51 134 31 50 126 116 145 25 8 77 81 6 88 
33 24 16 144 113 108 57 105 107 97 7 111 21 147 112 87 125 74 38 27 133 137 37 100 82 123 71 70 61 53 41 5 55 148 54 46 118 49 132 30 66 103 4 63 19 85 42 109 64 146 1 94 79 78 34 12 129 90 93 122 22 67 76 101 106 114 14 29 69 75 110 120 128 26 138 20 130 84 121 88 40 0 39 52 139 59 115 58 11 3 117 2 72 136 124 92 68 45 142 13 48 23 17 141 28 56 140 73 98 35 116 104 131 18 9 31 91 99 32 60 36 44 135 80 119 25 96 65 8 15 143 77 62 43 134 145 6 81 47 102 50 126 127 83 95 10 51 149 86 89 
122 93 94 69 75 110 120 101 22 138 130 49 128 132 85 34 20 1 61 67 121 71 82 123 4 29 70 137 118 42 125 37 55 88 38 53 112 100 27 148 5 103 74 40 79 133 76 107 21 87 111 147 114 7 58 146 97 117 113 46 64 30 144 108 72 2 105 66 139 16 57 129 89 24 106 33 54 41 12 59 78 68 63 19 109 14 26 115 3 13 73 39 142 56 84 35 99 11 92 32 135 140 98 9 44 0 80 52 91 18 104 96 48 45 143 124 17 28 136 141 65 23 36 119 131 47 95 60 31 102 116 43 15 62 83 127 149 134 10 25 50 51 126 86 145 8 77 81 6 90 
9 18 98 140 104 35 13 44 56 142 32 80 73 99 65 92 96 47 48 143 102 135 3 43 17 119 62 127 83 15 28 95 68 36 115 10 59 51 50 126 134 11 149 139 45 145 141 60 86 124 39 8 131 77 25 2 23 72 31 58 81 26 117 116 40 52 84 136 114 0 106 76 6 88 129 14 29 12 79 146 64 78 67 121 103 109 34 20 66 30 1 46 148 63 19 22 101 5 54 53 41 133 69 138 110 74 120 137 90 130 75 61 21 122 82 93 111 49 7 94 112 105 132 71 125 107 128 123 113 85 16 70 38 24 144 37 89 27 4 118 33 55 108 100 97 147 87 42 57 91 
142 48 3 104 98 140 18 115 17 11 13 91 9 28 45 59 35 39 56 36 124 119 141 65 73 44 32 99 139 15 80 60 131 26 43 68 23 62 134 84 102 52 47 96 31 0 135 50 145 126 136 25 106 8 127 116 143 114 77 83 14 129 10 76 95 81 51 12 58 2 40 72 149 64 146 78 79 117 6 29 109 88 86 66 30 103 67 63 19 46 34 148 1 54 5 121 41 53 20 22 101 133 74 137 21 69 111 61 7 110 82 90 138 120 105 112 75 49 130 122 93 94 71 132 107 125 113 16 123 24 85 128 144 38 89 70 37 33 27 108 97 118 147 4 100 87 55 57 42 92 
122 94 90 75 110 69 120 128 49 130 132 85 138 101 22 71 4 123 61 20 34 82 1 42 118 70 121 67 55 37 137 125 38 100 29 27 112 53 88 148 5 74 107 87 147 103 133 21 40 79 111 76 97 7 113 108 114 144 146 58 46 117 30 64 105 57 72 2 16 89 24 66 33 139 129 54 106 41 12 59 78 63 19 68 109 14 26 115 3 13 73 39 84 142 56 35 99 11 92 32 135 140 98 9 0 44 80 52 91 18 104 96 48 143 45 124 17 28 136 141 65 23 36 119 131 47 95 60 31 102 116 43 15 62 83 127 149 134 10 25 51 50 86 126 145 8 77 81 6 93 
93 122 90 132 49 85 75 110 69 120 128 22 101 71 130 138 123 4 61 82 70 118 42 34 55 1 37 137 125 38 20 100 67 27 121 112 29 53 107 87 74 147 5 148 21 133 88 103 111 97 79 7 108 113 144 76 40 114 46 57 105 146 30 64 16 89 24 33 58 117 66 72 2 129 54 41 106 139 12 63 78 19 109 59 68 14 26 115 3 84 39 13 73 142 56 35 11 92 99 32 0 135 52 140 98 9 44 80 91 18 104 48 96 124 45 17 143 28 136 141 23 65 36 131 119 31 60 116 47 95 102 43 15 62 83 127 25 134 10 149 50 126 51 145 8 86 77 81 6 94 
149 86 10 51 83 47 143 102 127 96 80 44 65 43 32 135 91 9 99 62 18 35 104 140 98 56 50 126 73 15 134 13 119 145 142 36 92 48 17 68 28 8 3 77 60 81 141 115 59 25 45 139 11 131 2 72 124 31 58 23 117 39 6 116 40 136 26 88 52 114 0 84 106 76 29 129 14 79 121 12 146 64 67 20 78 34 1 103 109 101 22 30 66 148 46 63 19 5 138 53 54 69 110 120 130 41 75 133 90 74 137 122 93 61 94 49 82 21 111 128 7 132 112 71 105 123 125 85 107 113 16 70 38 37 24 4 144 27 118 89 55 100 42 108 97 33 147 87 57 95 
143 80 44 135 32 99 73 35 56 9 91 95 140 98 13 18 47 104 149 68 83 86 65 102 10 51 142 127 43 92 3 62 48 15 2 139 72 59 119 50 126 17 115 58 134 117 36 28 145 11 40 45 141 60 8 39 124 88 131 77 25 114 81 23 31 76 26 29 106 116 121 84 52 136 0 67 79 129 20 6 146 14 64 12 34 1 101 78 22 103 30 66 109 148 138 46 69 5 110 120 53 130 63 19 75 54 90 133 41 122 93 74 137 94 61 49 82 128 21 132 111 112 7 71 123 85 105 125 107 113 70 38 16 37 4 118 27 24 144 55 100 42 89 97 147 87 108 33 57 96 
108 147 87 57 144 27 107 38 33 113 89 125 100 37 24 112 70 16 123 55 71 111 7 21 118 105 82 61 137 4 74 132 49 85 133 42 53 5 148 94 46 41 93 103 122 90 54 30 1 34 66 22 101 63 19 79 128 146 75 64 67 69 110 120 109 29 76 78 138 129 130 12 114 20 106 121 14 88 40 26 84 139 59 58 39 117 115 0 2 52 72 3 11 68 142 92 124 136 13 45 73 56 48 35 140 98 17 99 9 23 28 18 104 141 32 91 116 44 135 131 80 31 36 60 96 119 143 65 25 15 8 43 62 77 134 47 102 145 50 126 81 6 127 95 83 10 51 149 86 97 
140 18 91 9 104 13 142 35 56 92 44 73 32 99 80 65 3 48 96 17 135 47 115 143 102 43 28 119 68 59 36 62 11 15 127 83 139 45 95 50 134 126 10 141 51 145 39 149 124 60 131 8 23 2 86 72 25 58 31 77 26 117 40 81 84 114 116 52 106 0 136 76 129 14 88 6 12 79 29 146 64 78 67 103 109 121 66 30 34 1 20 46 148 63 19 5 22 101 54 53 41 133 69 74 110 138 120 137 90 130 75 61 21 82 122 111 93 49 7 94 112 105 132 71 125 107 123 128 113 85 16 70 38 24 144 37 89 27 4 118 33 108 55 97 100 147 87 42 57 98 
32 73 56 44 80 35 135 96 9 13 143 91 140 98 68 18 104 142 92 3 95 47 65 139 59 2 72 102 83 115 149 58 48 10 127 43 117 51 86 17 62 119 15 40 11 28 36 50 126 134 45 88 39 145 114 141 124 76 60 26 29 8 131 106 23 77 25 121 31 79 67 84 129 81 20 52 146 0 64 14 116 136 12 34 1 103 101 22 78 6 30 66 148 109 46 5 69 138 53 110 120 130 63 19 75 54 90 133 41 122 74 137 93 61 94 49 82 21 132 128 111 112 7 71 123 105 85 125 107 113 70 38 16 37 4 118 27 144 24 55 100 89 42 97 147 87 108 33 57 99 
37 27 55 70 38 118 87 147 123 4 125 71 97 42 85 108 132 107 57 82 49 144 112 61 113 137 94 33 89 21 111 24 93 7 16 122 74 90 105 133 53 128 5 75 148 1 22 110 69 120 101 34 103 130 138 46 67 30 41 79 29 54 20 66 146 64 121 76 63 19 114 88 129 109 12 78 40 106 14 58 139 117 26 2 72 59 84 115 39 3 68 0 52 11 142 13 92 73 56 35 124 45 140 99 136 98 48 32 9 18 135 104 91 17 44 80 28 141 23 96 131 116 143 31 36 60 119 65 25 15 43 47 62 102 8 134 95 77 145 50 126 127 83 81 10 51 149 6 86 100 
22 69 20 34 110 90 67 120 1 121 75 138 122 29 93 130 94 88 49 132 40 61 128 82 76 85 137 79 53 71 103 148 114 123 5 58 117 125 74 133 70 146 112 2 72 4 64 118 37 38 139 21 30 46 42 55 111 27 107 100 129 7 106 66 59 68 113 87 12 147 105 54 144 97 41 78 108 115 16 63 3 109 19 26 14 24 89 57 33 13 73 142 56 35 39 99 84 92 11 32 135 140 98 9 44 80 91 18 0 104 52 96 48 143 45 124 17 28 136 141 65 36 23 119 47 131 95 102 60 43 31 15 116 62 83 127 149 10 134 51 50 25 126 86 145 8 77 81 6 101 
127 47 83 43 65 10 51 62 50 126 15 149 95 134 119 91 104 145 18 9 98 140 44 36 86 96 143 80 17 32 48 35 28 8 99 56 92 13 142 73 77 135 81 60 141 25 131 45 3 31 11 23 124 115 68 6 116 59 39 139 136 52 0 2 72 26 84 58 117 40 106 114 14 76 129 88 12 146 64 79 78 29 109 67 121 66 103 30 20 34 63 1 19 46 148 54 5 22 101 53 41 133 69 74 138 110 120 137 130 90 75 61 21 111 82 122 7 93 49 94 112 105 132 71 107 125 128 123 113 16 85 24 70 38 144 89 37 27 33 4 118 108 97 55 100 147 87 42 57 102 
148 5 79 146 53 30 64 46 133 66 76 74 129 1 114 34 137 54 12 106 67 21 41 78 29 111 63 109 19 61 7 82 112 14 105 22 101 26 107 49 125 71 113 40 123 16 132 88 139 59 90 20 84 24 94 115 144 121 38 122 69 93 39 89 70 110 37 85 27 3 120 58 108 75 33 97 147 0 87 138 11 52 100 118 117 55 2 130 72 4 57 68 142 92 128 13 42 124 45 48 136 56 73 35 140 98 17 9 104 18 28 99 91 141 32 23 44 135 80 131 116 36 31 60 96 119 65 143 25 15 43 62 8 134 47 102 77 145 50 126 127 81 83 95 6 10 51 149 86 103 
18 98 91 140 9 142 92 65 13 48 35 17 44 56 119 32 73 43 28 3 80 99 36 47 102 62 15 96 127 115 11 134 50 126 83 45 143 135 141 59 145 10 95 68 60 51 124 131 149 39 8 139 23 25 77 31 81 86 116 26 136 52 84 0 2 72 58 106 114 6 40 117 14 76 129 12 88 146 64 79 78 29 67 109 103 66 30 121 34 1 46 63 19 20 148 54 5 22 101 53 41 133 74 69 137 110 138 120 90 21 61 75 130 111 82 7 122 49 93 112 105 94 132 71 107 125 123 113 16 128 85 24 70 38 144 89 37 27 33 118 4 108 97 100 55 147 87 42 57 104 
7 16 111 21 113 24 89 74 107 133 112 144 33 41 137 5 108 53 54 46 125 148 97 30 82 57 66 61 63 19 147 103 87 38 71 123 27 109 37 70 64 146 100 78 49 79 12 132 129 1 55 118 34 85 106 76 14 4 114 67 94 22 29 90 101 42 122 93 26 84 69 110 75 120 20 0 40 39 88 128 52 121 138 130 59 139 115 11 3 58 136 117 124 2 72 92 45 142 68 13 48 23 17 141 28 140 98 116 56 35 73 131 104 18 31 9 91 99 60 32 36 44 80 119 135 25 65 96 8 15 77 143 62 134 43 145 6 81 50 102 47 126 127 83 95 10 51 149 86 105 
129 12 64 146 26 14 78 114 79 76 66 30 109 84 103 39 46 115 63 19 59 54 148 5 11 3 0 52 139 41 53 29 133 1 67 34 92 40 74 142 124 45 136 48 13 137 88 21 111 7 17 58 68 105 28 22 98 140 141 101 61 23 104 112 2 82 18 72 35 56 117 9 73 91 20 121 131 107 116 31 113 36 16 99 49 32 60 125 71 44 90 119 24 132 69 123 80 110 89 94 144 135 25 65 122 120 93 75 38 138 96 15 33 70 8 108 85 130 62 43 37 27 97 134 77 143 145 147 87 102 47 50 126 100 81 118 57 55 127 6 4 128 83 95 10 42 51 149 86 106 
112 113 144 125 111 21 7 108 97 16 89 105 137 24 38 74 82 147 87 33 71 61 27 123 133 57 37 70 100 53 5 49 55 132 148 118 85 46 4 103 41 30 54 1 94 66 42 34 90 79 93 122 63 146 64 19 22 67 101 109 76 78 129 29 12 69 75 110 114 120 128 106 138 20 130 14 121 88 40 26 84 139 59 58 39 115 0 117 52 2 72 3 11 68 142 92 124 13 136 45 48 73 56 35 140 98 17 28 9 23 104 18 99 141 91 32 116 44 131 135 31 80 36 60 96 119 65 25 143 15 8 43 62 77 134 47 102 145 50 126 81 6 127 95 83 10 51 149 86 107 
97 144 57 147 87 33 89 113 107 24 27 38 16 125 112 100 37 111 70 7 21 105 123 71 55 82 118 137 61 74 133 4 132 49 85 53 42 5 148 41 46 94 103 54 30 93 122 1 66 90 34 63 19 22 79 146 64 101 67 109 128 75 69 110 120 78 12 76 129 29 114 138 130 106 20 14 121 88 26 40 84 139 59 58 39 0 115 52 117 2 72 3 11 68 142 92 136 124 13 45 48 73 56 35 140 98 17 23 28 141 9 104 18 99 91 32 116 131 31 44 135 80 36 60 96 119 25 65 143 15 8 43 62 77 134 47 145 102 50 126 6 81 127 95 83 10 51 149 86 108 
78 63 19 12 66 54 14 41 129 30 46 64 106 146 26 84 103 148 5 79 133 0 52 53 114 39 74 76 105 7 21 111 115 11 137 16 1 136 112 59 113 124 34 24 3 29 107 67 61 45 82 139 89 144 92 125 33 23 40 142 48 71 141 22 17 49 116 28 108 101 123 88 131 97 31 13 38 132 57 147 58 27 70 87 60 98 140 37 20 68 104 90 121 36 18 94 2 9 72 100 91 35 122 56 117 85 25 93 69 73 119 110 55 118 120 75 99 4 32 8 138 44 77 65 130 15 80 6 134 145 62 81 135 42 43 128 96 50 126 102 47 143 127 83 10 95 51 149 86 109 
69 120 75 138 130 90 122 93 101 22 94 128 20 121 34 49 67 132 1 85 29 88 61 82 71 123 4 40 137 42 70 118 53 37 55 125 117 58 76 38 79 148 103 112 5 100 27 72 114 2 74 133 21 107 146 111 64 87 139 147 30 46 7 97 113 144 108 129 66 68 59 106 105 16 12 57 54 89 24 41 33 78 115 63 3 109 19 26 14 73 13 56 35 142 99 135 32 39 92 84 11 140 44 80 98 9 91 96 18 104 143 0 52 48 45 17 124 28 65 136 141 36 47 95 119 23 102 131 43 60 15 83 62 31 127 149 116 10 86 51 134 50 126 25 145 8 77 81 6 110 
21 7 74 105 112 113 107 133 16 137 24 53 144 5 125 89 82 148 61 33 46 108 41 71 97 30 54 103 38 123 147 66 87 27 57 37 70 49 63 19 132 100 64 146 1 79 55 109 34 118 78 85 12 129 4 76 67 94 22 114 106 90 101 29 122 93 14 42 69 110 75 26 120 20 128 138 121 88 84 40 130 139 59 39 0 115 52 58 3 11 117 2 72 68 142 124 92 136 45 13 48 56 73 17 35 140 98 23 28 141 104 18 9 91 99 116 131 32 31 44 36 135 60 80 119 96 25 65 143 15 8 77 43 62 134 145 47 102 50 126 6 81 127 83 95 10 51 149 86 111 
107 125 21 137 111 82 74 61 7 113 71 133 123 144 38 105 53 16 97 27 108 70 37 5 147 24 87 89 49 148 132 33 100 57 55 103 118 46 85 1 30 4 41 34 94 54 66 79 90 122 146 93 64 22 42 67 101 63 19 76 29 109 69 129 110 75 114 12 78 120 106 128 20 138 130 121 14 88 40 26 139 84 59 58 115 39 117 2 72 0 3 52 11 68 142 92 13 124 136 45 73 56 48 35 140 98 17 9 99 18 104 28 32 91 23 141 44 135 80 116 131 31 36 96 60 119 143 65 25 15 43 8 62 47 134 77 102 145 50 126 127 81 95 6 83 10 51 149 86 112 
16 144 107 24 89 7 111 105 33 21 112 108 97 125 74 57 147 87 137 133 38 82 27 61 71 123 37 53 70 5 100 148 41 46 55 49 54 132 118 30 103 66 85 4 63 19 1 64 146 79 42 94 34 109 78 90 12 122 93 129 22 67 76 101 114 29 106 14 69 75 110 120 128 20 138 26 130 121 88 84 40 139 59 39 0 52 115 58 3 11 117 2 72 136 68 124 142 92 45 13 48 56 73 17 23 35 140 98 141 28 104 18 9 116 91 99 131 32 31 44 36 60 135 80 119 25 96 65 143 15 8 77 43 62 134 145 47 102 6 50 81 126 127 83 95 10 51 149 86 113 
76 79 146 64 106 129 29 103 139 67 59 40 1 12 34 30 148 26 115 5 66 46 88 78 53 14 3 58 109 22 39 133 101 54 63 84 2 20 121 74 19 72 68 117 11 137 142 41 13 92 61 21 82 0 52 111 56 90 7 73 69 112 35 49 140 98 110 48 120 45 124 9 105 122 71 75 138 18 94 99 104 93 132 91 32 125 17 107 123 130 44 28 113 135 136 80 16 85 141 38 70 96 23 24 144 37 36 128 27 131 89 65 119 143 118 31 60 108 97 116 4 100 33 55 147 87 15 43 47 62 25 42 57 102 134 8 145 50 126 127 95 77 83 10 51 81 149 6 86 114 
3 59 11 92 142 39 139 26 13 48 106 98 140 45 17 104 114 84 18 124 9 129 91 35 28 56 14 76 68 52 73 0 12 141 146 64 79 99 32 40 36 78 44 136 23 119 58 80 131 65 2 29 60 72 109 135 66 31 103 30 96 117 88 116 15 67 43 62 46 63 25 19 143 134 102 148 47 1 8 34 54 145 50 5 126 77 127 53 41 83 121 81 95 133 20 10 22 51 101 74 149 6 137 21 86 111 61 7 82 69 105 110 90 112 120 138 49 75 122 130 93 94 71 107 132 125 113 16 123 24 85 144 38 89 70 128 37 27 33 108 97 118 147 87 100 4 55 57 42 115 
31 23 131 141 136 25 60 124 45 6 28 77 8 36 17 81 52 0 48 119 11 145 39 134 15 84 92 50 126 62 26 43 104 65 115 142 18 3 14 98 140 91 102 9 127 13 47 59 106 12 78 83 129 35 109 56 10 44 51 73 32 139 99 80 19 63 64 114 146 96 66 95 149 68 76 143 54 30 135 79 46 41 103 86 40 148 5 58 2 29 72 53 133 117 67 88 1 34 74 7 105 21 111 137 121 22 20 101 112 16 61 82 113 107 24 89 125 49 71 69 90 144 33 110 123 132 120 138 122 94 75 93 108 38 130 97 70 27 37 85 147 87 57 100 118 55 128 4 42 116 
72 2 58 40 88 68 121 139 20 29 67 59 73 56 99 135 35 76 114 13 101 22 32 34 3 1 80 138 44 69 142 115 110 79 120 96 130 9 140 98 75 143 91 90 92 18 146 106 104 64 103 122 93 129 148 94 11 26 53 5 128 39 48 12 30 49 61 46 137 66 65 14 95 17 132 82 78 133 47 74 84 28 45 102 85 71 109 83 149 86 124 43 123 54 119 10 127 36 112 51 21 52 63 0 62 19 125 141 15 111 41 70 7 4 50 126 134 107 38 37 118 60 131 23 136 42 145 105 55 27 113 31 100 8 25 116 16 144 77 87 147 97 108 24 81 89 33 57 6 117 
55 4 70 100 37 42 27 85 38 123 132 71 87 147 125 49 82 94 61 97 108 112 93 107 122 137 144 57 90 128 113 21 111 75 74 89 33 110 69 7 120 22 24 53 16 101 133 1 130 105 34 138 5 148 67 103 20 46 29 121 30 79 41 146 66 76 54 64 88 114 63 40 19 129 12 109 78 106 58 117 14 139 2 72 26 59 115 84 68 3 39 0 11 52 13 142 92 73 56 35 99 140 98 32 124 45 9 135 48 136 18 91 44 104 80 17 28 96 141 23 143 131 36 116 31 65 119 60 47 15 25 43 102 62 95 134 8 127 145 83 50 126 77 10 149 51 81 86 6 118 
36 15 134 145 62 28 50 17 126 43 8 65 60 48 77 141 25 131 104 81 102 18 45 127 31 47 92 91 23 98 140 124 9 83 116 142 11 6 10 51 13 3 44 35 136 115 56 149 39 95 80 32 73 99 96 143 52 0 59 135 86 84 26 68 139 14 106 129 114 12 78 2 72 58 76 40 64 146 117 109 79 66 88 29 63 19 30 103 46 54 67 148 41 1 34 5 121 53 20 133 22 101 74 137 21 111 7 105 69 61 110 82 138 90 120 112 75 49 130 122 93 107 94 16 113 71 125 132 123 24 89 144 85 38 128 70 33 37 108 27 97 147 87 118 100 4 55 57 42 119 
110 75 69 138 130 90 122 93 101 128 22 94 20 121 49 34 132 67 85 1 88 29 61 71 82 4 123 40 42 137 70 118 55 37 125 117 53 58 38 76 79 148 100 112 103 27 5 72 2 114 74 133 107 21 146 111 87 139 64 147 30 46 7 97 113 144 108 68 129 66 59 106 105 16 57 12 54 89 24 41 33 78 115 3 63 109 19 26 14 73 13 56 35 142 99 135 32 39 92 84 11 140 44 80 98 9 91 96 18 104 143 0 52 48 45 17 124 28 65 136 141 36 95 47 119 23 102 43 131 60 83 15 62 127 149 31 86 10 116 51 134 50 126 25 145 8 77 81 6 120 
20 88 101 22 138 69 67 29 110 40 120 130 34 75 117 58 1 90 72 2 122 93 94 76 128 114 139 79 49 132 68 103 61 53 82 148 85 59 137 146 5 71 64 123 133 106 74 129 30 46 125 112 4 70 3 115 73 13 118 56 21 66 42 37 38 35 12 99 55 111 135 142 32 107 27 7 100 26 78 54 44 80 14 140 92 98 9 109 41 113 96 105 63 39 87 91 147 19 11 18 144 143 97 104 84 108 16 24 48 89 57 33 0 17 52 45 124 28 65 95 47 141 36 119 102 136 43 83 23 149 62 127 15 86 10 131 51 60 31 134 50 126 116 145 25 8 77 81 6 121 
93 90 94 75 110 69 120 128 130 49 138 132 85 101 22 71 20 4 61 34 123 82 1 42 70 118 121 67 55 37 137 125 38 29 100 27 112 88 53 148 5 74 107 87 103 133 147 21 40 79 76 111 97 7 114 113 108 144 146 58 117 46 30 64 105 57 72 2 16 89 66 24 33 139 129 54 106 41 12 59 78 63 19 68 109 14 26 115 3 13 73 39 142 56 84 35 99 11 92 32 135 140 98 9 0 44 80 52 91 18 104 96 48 143 45 124 17 28 136 141 65 23 36 119 131 47 95 60 31 102 116 43 15 62 83 127 149 134 10 25 51 50 86 126 145 8 77 81 6 122 
71 70 38 125 37 132 82 27 49 61 118 100 85 55 112 4 137 87 107 147 94 97 42 108 144 21 113 93 111 122 74 90 7 53 57 133 1 5 89 16 105 22 148 33 34 24 101 75 69 128 110 120 103 67 138 130 46 30 29 79 20 146 66 41 64 54 76 121 114 88 63 19 129 40 12 109 78 106 14 58 139 117 26 2 72 59 115 84 3 39 68 0 52 11 142 13 92 73 56 35 124 140 99 98 45 32 48 9 136 18 135 91 104 44 17 80 28 141 96 23 143 131 116 36 31 60 119 65 25 15 43 47 62 102 8 134 95 145 77 50 127 126 83 10 81 51 149 6 86 123 
45 141 23 136 11 131 28 39 52 31 116 17 0 48 60 36 84 92 25 26 115 119 8 3 142 77 104 14 15 18 81 98 145 134 140 6 59 65 62 91 106 13 9 50 126 43 12 129 78 35 109 102 139 56 47 73 114 127 64 44 146 32 99 19 63 76 80 66 83 68 79 30 96 10 54 51 46 135 143 103 41 95 40 149 148 58 29 5 2 72 67 53 117 88 133 1 86 34 74 21 7 111 105 137 121 22 20 101 61 112 82 16 113 107 24 49 69 125 90 71 110 89 120 132 144 138 123 75 122 94 93 33 130 38 108 70 97 85 37 27 147 87 57 100 128 118 55 4 42 124 
71 38 123 112 82 107 61 27 70 37 137 147 87 100 97 144 21 113 132 49 108 111 55 118 74 7 85 4 133 57 89 16 53 105 24 33 5 94 148 42 93 122 90 1 103 34 46 22 101 30 67 41 69 75 54 79 110 66 120 128 146 64 29 76 138 130 63 19 20 114 129 109 12 121 78 106 88 40 14 26 139 58 59 117 84 2 72 115 39 3 0 52 68 11 142 13 92 124 73 56 45 35 136 48 140 98 99 9 32 18 17 104 91 28 135 44 141 23 80 131 116 96 31 36 60 143 119 65 25 15 43 62 47 8 102 134 77 145 50 126 95 127 83 81 6 10 51 149 86 125 
50 62 134 15 145 43 119 127 102 65 36 8 47 83 77 81 10 51 60 28 25 17 104 18 48 149 141 91 131 95 98 9 140 6 31 92 45 23 44 142 116 86 124 80 96 13 35 143 32 56 11 99 73 3 135 136 115 39 59 52 0 68 84 139 26 14 106 2 72 58 114 129 12 117 40 76 78 64 146 79 109 88 29 66 63 19 30 103 67 46 54 148 34 1 121 41 5 20 53 22 101 133 74 137 69 21 111 110 7 138 120 61 90 105 82 75 130 112 49 122 93 94 107 71 132 16 113 125 123 24 128 85 89 144 38 70 33 37 27 108 97 118 147 4 87 100 55 57 42 126 
102 83 47 10 43 51 62 65 50 126 149 15 95 134 145 119 104 91 18 86 9 36 98 140 44 143 96 80 8 17 32 48 28 77 81 35 99 56 60 92 13 142 135 73 25 141 131 45 31 3 6 23 11 124 115 116 68 59 39 139 136 52 0 2 26 72 84 58 117 40 106 114 14 76 129 88 12 146 64 79 78 29 109 67 66 121 103 30 20 34 63 19 1 46 148 54 5 22 101 41 53 133 69 74 138 110 120 137 130 90 75 21 61 111 82 122 7 93 49 94 105 112 132 71 107 125 128 123 113 16 85 24 70 38 144 89 37 27 33 4 118 108 97 55 100 147 87 42 57 127 
75 93 122 130 120 110 94 90 138 69 85 132 49 101 42 22 4 20 118 121 123 71 70 55 61 34 82 37 1 100 67 38 27 125 137 29 88 112 87 147 53 107 40 74 148 5 97 21 103 133 79 76 111 117 58 108 144 113 7 114 72 2 57 146 46 64 30 105 16 89 33 24 139 66 129 106 54 41 68 59 12 78 63 19 109 115 14 3 26 73 13 56 35 142 99 135 39 32 84 92 11 140 44 80 98 9 96 91 18 0 104 52 143 48 45 124 17 28 136 65 141 36 95 47 23 119 102 131 43 60 15 83 31 62 116 149 127 86 10 51 134 50 126 25 145 8 77 81 6 128 
106 12 64 146 78 14 66 30 26 79 109 114 46 103 76 63 19 54 148 84 5 41 39 53 115 133 59 0 52 11 29 74 1 139 3 67 34 21 137 40 111 7 92 105 124 142 45 88 61 112 136 82 22 48 101 13 58 107 68 113 17 16 28 20 2 141 125 121 49 98 140 23 72 71 117 24 104 18 56 35 73 9 123 91 90 132 131 89 144 116 31 69 36 94 99 33 110 122 60 38 93 32 120 70 108 75 44 119 97 37 138 27 85 80 147 25 87 135 130 65 100 57 118 96 55 15 8 4 62 43 77 134 128 143 145 102 50 47 126 81 42 6 127 83 95 10 51 149 86 129 
138 120 75 110 69 128 90 122 93 20 101 22 94 121 49 34 85 132 67 88 1 29 4 61 40 71 42 82 123 118 117 70 58 137 55 37 72 2 125 76 38 53 100 79 27 148 103 112 114 5 74 133 139 107 21 146 87 147 111 64 30 46 68 7 97 113 59 144 108 129 66 106 105 57 16 12 54 89 24 41 33 115 3 78 73 13 63 56 109 19 26 35 99 14 135 142 32 80 44 39 92 140 98 9 11 96 84 91 18 143 104 48 0 52 17 45 124 28 65 95 141 47 136 36 119 102 23 43 83 131 149 86 62 15 127 10 60 51 31 116 134 50 126 145 25 8 77 81 6 130 
31 60 141 23 116 25 28 45 36 124 8 77 17 136 119 48 81 6 145 134 15 11 52 62 50 0 92 39 126 43 104 65 18 84 142 98 115 140 3 91 102 26 9 127 47 13 83 14 59 35 10 56 51 44 106 73 32 80 99 12 129 78 139 96 95 149 109 143 68 135 114 64 146 19 63 76 86 66 79 30 54 46 40 103 41 58 2 72 29 117 148 5 88 67 53 1 133 34 74 121 21 20 7 111 22 105 137 101 61 112 82 16 113 107 24 69 49 90 110 125 71 120 138 89 75 132 122 144 94 123 93 130 33 38 108 70 85 97 37 27 147 87 57 128 100 118 55 4 42 131 
49 85 71 123 94 70 82 61 4 118 93 37 122 125 38 90 55 27 100 137 42 112 75 22 69 110 101 128 107 87 120 147 1 34 53 74 21 97 138 130 111 133 108 67 144 5 113 148 7 20 103 57 29 105 121 16 89 24 33 79 46 30 76 88 146 64 114 66 40 54 41 129 63 106 12 19 78 58 109 117 139 2 72 14 59 26 115 68 3 84 39 11 13 142 0 52 73 92 56 35 99 140 32 98 135 9 124 48 45 18 91 44 104 80 136 17 96 28 143 141 23 36 131 65 116 31 119 60 47 43 15 102 25 62 95 134 8 127 83 50 145 126 77 10 149 51 86 81 6 132 
74 5 53 148 21 111 7 46 137 103 30 112 105 66 54 41 61 107 82 113 146 64 16 125 79 63 1 19 71 24 144 34 89 109 129 123 12 78 49 76 38 33 108 67 114 132 106 97 70 27 37 29 147 87 22 14 101 57 100 85 94 90 55 118 122 93 26 4 69 110 20 40 75 88 120 84 121 42 139 59 138 39 115 130 128 0 52 58 3 11 117 2 72 68 142 92 124 136 13 45 48 56 73 35 140 98 17 28 23 141 104 18 9 91 99 32 116 131 31 44 135 36 80 60 119 96 65 25 143 15 8 43 62 77 134 145 47 102 50 126 81 6 127 83 95 10 51 149 86 133 
145 15 50 126 62 119 43 8 36 77 65 81 102 127 60 25 28 17 47 83 141 131 48 104 10 51 18 31 6 91 23 45 98 140 9 92 116 149 124 95 142 11 44 13 35 80 96 32 56 136 3 143 86 99 73 115 39 135 52 0 59 84 68 26 139 14 106 129 114 2 12 72 58 78 76 40 117 64 146 109 79 88 66 29 63 19 30 103 46 67 54 148 41 34 1 5 121 20 53 133 22 101 74 137 21 111 7 69 105 61 110 138 120 82 90 112 75 130 49 122 93 94 107 16 71 113 132 125 123 24 89 144 85 128 38 70 33 37 27 108 97 147 87 118 100 4 55 57 42 134 
99 80 32 96 44 143 73 56 35 68 9 13 91 140 98 18 95 104 142 47 2 72 149 65 86 139 83 102 3 92 58 10 117 51 59 127 43 115 48 62 40 17 15 119 50 126 28 36 11 88 134 145 45 114 39 141 76 29 124 60 121 8 26 131 106 20 67 77 25 79 23 31 81 129 84 146 34 64 52 0 1 14 116 101 136 12 22 103 78 6 138 69 30 110 148 66 120 130 109 5 46 75 53 90 63 19 54 122 93 133 94 137 74 41 61 49 82 128 132 21 111 71 112 7 85 123 125 105 107 70 113 38 37 4 16 118 27 55 144 42 100 24 89 87 147 97 108 33 57 135 
124 23 52 116 0 45 31 141 131 84 39 11 60 28 25 17 48 26 36 14 8 77 6 92 119 115 81 3 78 106 12 142 145 15 134 109 104 129 18 59 98 62 140 50 126 65 19 63 43 91 13 9 64 66 146 114 54 139 30 102 35 41 76 56 79 46 127 47 73 44 103 32 99 83 80 68 148 10 5 51 96 135 40 133 143 53 29 95 149 58 74 67 1 2 72 34 88 105 7 117 21 111 86 137 16 112 22 61 101 113 121 82 20 24 107 89 125 144 49 71 33 90 123 69 132 110 108 120 94 122 38 93 97 75 138 70 27 37 130 147 57 87 85 100 118 55 4 128 42 136 
61 82 112 74 53 21 133 125 71 111 5 107 148 7 123 49 132 103 113 38 1 105 70 34 37 46 27 144 30 16 85 97 94 147 108 79 87 100 22 24 67 89 90 118 55 66 101 146 64 122 93 54 41 33 4 29 76 57 69 114 110 63 75 129 42 19 120 12 109 78 20 106 138 128 121 130 88 40 14 26 139 59 58 84 117 115 2 72 39 3 0 52 68 11 142 92 13 124 73 56 45 35 136 48 140 98 99 9 18 17 32 104 91 28 135 44 141 23 80 131 116 96 31 36 60 143 119 65 25 15 43 62 47 8 102 134 77 145 50 126 127 95 83 81 6 10 51 149 86 137 
130 120 110 69 75 90 122 20 93 101 128 22 121 94 34 67 88 49 1 132 29 85 40 61 82 71 4 117 123 58 42 137 118 70 72 2 76 55 53 37 79 125 38 114 103 148 5 100 112 27 74 133 139 146 21 107 64 111 87 147 68 30 46 7 59 97 129 113 106 66 144 108 105 12 54 16 57 115 3 41 89 24 78 73 33 13 56 63 109 26 35 19 99 14 135 142 32 80 44 92 39 140 98 9 11 96 84 91 18 143 104 48 0 52 17 45 124 28 65 95 141 47 136 36 119 102 23 43 83 131 149 62 15 86 127 10 60 51 31 116 134 50 126 145 25 8 77 81 6 138 
59 68 40 3 58 115 114 2 13 72 76 142 117 88 73 56 29 35 92 79 106 99 140 98 32 67 9 11 146 91 129 18 26 44 64 39 104 135 80 34 121 1 48 20 103 12 96 14 17 22 84 101 143 30 78 45 148 66 28 5 124 46 53 52 65 0 109 141 36 119 69 133 63 54 47 110 19 138 120 102 43 90 74 137 136 23 15 75 62 95 131 130 41 60 61 127 83 122 82 93 31 134 49 50 94 10 126 21 51 116 149 145 111 25 8 112 132 7 86 71 77 123 125 105 128 107 85 81 113 70 38 16 6 37 27 144 4 118 24 55 100 89 97 108 147 87 42 33 57 139 
98 9 91 18 104 13 142 35 56 92 44 73 32 99 80 65 3 48 96 17 135 115 47 143 68 102 59 43 28 119 36 11 62 15 127 139 83 95 45 50 134 126 10 51 141 149 39 145 124 60 131 8 2 72 86 23 58 25 26 31 77 117 40 114 81 84 52 106 116 0 136 76 129 14 88 79 12 29 6 146 64 78 67 103 121 109 66 34 30 1 20 46 148 63 19 5 22 101 54 53 41 133 69 74 110 138 120 137 90 130 75 61 21 82 122 111 93 49 7 94 112 105 132 71 125 107 123 128 113 85 16 70 38 24 144 37 89 27 4 118 33 55 108 100 97 147 87 42 57 140 
131 23 28 60 45 31 124 17 36 116 25 48 119 8 136 77 11 15 81 92 145 134 39 52 6 0 62 104 50 126 65 18 142 43 84 115 98 3 140 91 9 26 102 13 127 47 59 14 35 83 56 44 106 73 32 10 51 99 80 139 12 129 78 96 95 149 68 143 109 135 114 64 146 76 19 63 66 79 86 30 54 40 46 58 2 103 72 41 29 117 148 88 5 67 53 1 34 133 74 121 20 22 21 101 137 7 111 105 61 112 82 16 113 107 69 49 90 110 24 120 125 71 138 75 122 89 132 94 93 130 123 144 33 38 70 108 85 97 37 27 147 87 128 57 100 118 55 4 42 141 
92 13 3 98 140 18 104 9 91 115 35 48 56 59 73 11 17 32 99 44 139 28 68 80 65 45 39 36 119 96 135 124 141 43 143 15 47 26 102 62 60 131 134 106 114 127 84 23 50 2 126 58 83 72 52 145 40 0 95 31 76 10 8 117 136 129 25 14 51 116 149 77 12 79 146 64 88 29 81 78 86 67 103 109 66 30 6 34 1 121 46 148 63 19 20 5 54 53 22 101 41 133 74 137 69 110 138 120 90 61 21 75 82 111 130 7 49 122 112 93 105 94 132 71 107 125 123 113 16 128 85 24 70 38 144 89 37 27 33 118 4 108 97 100 55 147 87 42 57 142 
96 80 135 44 32 99 95 73 35 56 9 91 149 47 86 140 98 18 83 10 13 51 102 104 65 68 127 142 43 62 92 3 15 50 126 48 119 2 72 139 59 17 134 58 36 117 115 28 145 11 40 45 141 8 60 77 39 88 124 131 81 25 114 23 31 76 26 29 106 116 121 84 52 136 0 20 67 6 79 129 14 146 64 12 34 1 101 22 78 103 30 66 109 138 148 69 46 110 5 120 130 53 75 63 19 90 54 133 122 93 41 74 137 94 61 49 82 128 21 132 111 112 71 7 85 123 105 125 107 70 113 38 16 37 4 118 27 144 24 55 100 42 89 147 87 97 108 33 57 143 
108 113 89 97 33 107 24 57 16 147 87 112 125 7 111 105 21 38 27 37 100 74 123 70 71 137 82 61 133 55 118 53 132 49 5 4 148 85 41 46 54 42 103 30 66 94 1 63 19 34 93 122 90 64 146 79 109 22 101 67 78 12 129 76 69 75 29 110 128 120 114 106 14 138 130 20 121 26 88 40 84 139 59 39 0 115 52 58 117 3 2 72 11 68 136 124 142 92 45 13 48 56 73 35 140 17 98 23 28 141 104 9 18 99 91 116 32 131 31 44 135 80 36 60 119 96 25 65 143 15 8 77 43 62 134 145 47 102 50 6 126 81 127 83 95 10 51 149 86 144 
134 15 50 126 62 8 119 77 81 36 43 60 25 65 127 102 28 17 131 141 6 47 31 48 83 104 10 23 51 18 45 116 91 98 124 92 140 9 149 95 142 11 136 44 13 35 80 3 96 32 56 86 143 39 99 115 73 52 0 135 59 84 26 68 139 14 106 129 12 114 2 78 72 58 76 40 64 146 117 109 79 66 63 19 88 29 30 103 46 54 67 41 148 5 1 34 121 53 20 133 22 101 74 137 21 111 7 105 69 61 110 82 138 120 112 90 75 130 49 122 16 93 107 113 94 71 125 132 24 123 89 144 85 38 128 33 70 37 108 27 97 147 87 118 100 4 55 57 42 145 
64 79 129 103 30 106 66 12 76 114 46 148 5 78 53 109 54 14 63 133 19 26 41 1 29 74 34 67 137 84 59 21 115 139 111 39 7 40 61 105 112 82 3 22 88 101 0 11 52 107 49 113 125 71 20 58 16 121 142 92 123 132 90 24 2 68 117 72 124 13 69 94 144 45 122 89 110 93 38 136 48 120 70 75 33 85 37 138 108 27 140 98 17 97 56 35 73 28 147 130 104 18 87 9 141 100 91 23 118 55 99 57 4 32 131 128 44 116 31 36 80 135 60 42 119 96 65 25 143 15 8 43 62 134 77 47 145 102 50 126 81 127 6 83 95 10 51 149 86 146 
87 97 27 108 38 100 57 37 144 125 70 55 107 123 118 113 71 33 112 89 24 4 82 16 61 111 21 132 7 137 85 42 49 105 74 133 53 94 5 148 93 122 90 1 46 103 34 41 30 22 128 54 101 75 69 110 66 120 67 79 146 64 63 19 130 138 29 76 109 20 129 78 114 12 121 106 88 14 40 26 139 58 84 59 117 2 72 115 39 0 52 3 11 68 142 92 13 124 136 45 73 56 35 48 140 98 99 9 17 32 18 104 91 28 23 141 135 44 80 116 131 31 96 36 60 119 143 65 25 15 43 8 62 47 134 77 102 145 50 126 127 95 81 6 83 10 51 149 86 147 
5 53 103 133 46 30 74 79 146 64 66 137 21 1 111 54 7 76 61 34 41 112 129 82 114 12 67 105 63 78 19 106 109 29 107 125 71 113 49 22 16 123 101 14 132 24 144 38 26 89 90 70 94 40 37 27 108 122 33 88 97 93 85 20 147 69 87 139 121 59 110 84 100 120 75 118 55 115 57 4 39 138 58 130 3 0 52 11 42 128 117 2 72 68 142 92 13 124 45 136 48 56 73 35 140 98 17 9 104 18 28 99 91 141 23 32 44 135 131 80 116 31 36 60 96 119 65 143 25 15 43 8 62 134 47 102 77 145 50 126 127 81 83 95 6 10 51 149 86 148 
95 51 10 86 83 47 127 102 143 43 65 96 62 80 44 50 126 91 9 32 15 135 18 99 104 134 98 140 35 56 145 119 73 13 36 142 17 48 92 8 28 77 81 68 60 3 25 141 131 45 115 11 59 31 139 124 23 6 2 72 116 39 58 117 136 40 26 52 0 84 114 88 106 76 14 129 29 79 12 146 64 121 67 78 20 34 103 1 109 66 30 101 22 46 148 63 19 5 54 53 138 69 110 120 41 130 133 75 90 74 137 122 93 61 94 82 49 21 111 7 112 132 128 105 71 123 125 107 85 113 16 70 38 24 37 144 4 27 118 89 55 100 108 33 97 42 147 87 57 149 