1
100
21294
1 2995 264
2 202 233
3 981 848
4 1346 408
5 781 670
6 1009 1001
7 2927 1777
8 2982 949
9 555 1121
10 464 1302
11 3452 637
12 571 1982
13 2656 128
14 1623 1723
15 2067 694
16 1725 927
17 3600 459
18 1109 1196
19 366 339
20 778 1282
21 386 1616
22 3918 1217
23 3332 1049
24 2597 349
25 811 1295
26 241 1069
27 2658 360
28 394 1944
29 3786 1862
30 264 36
31 2050 1833
32 3538 125
33 1646 1817
34 2993 624
35 547 25
36 3373 1902
37 460 267
38 3060 781
39 1828 456
40 1021 962
41 2347 388
42 3535 1112
43 1529 581
44 1203 385
45 1787 1902
46 2740 1101
47 555 1753
48 47 363
49 3935 540
50 3062 329
51 387 199
52 2901 920
53 931 512
54 1766 692
55 401 980
56 149 1629
57 2214 1977
58 3805 1619
59 1179 969
60 1017 333
61 2834 1512
62 634 294
63 1819 814
64 1393 859
65 1768 1578
66 3023 871
67 3248 1906
68 1632 1742
69 2223 990
70 3868 697
71 1541 354
72 2374 1944
73 1962 389
74 3007 1524
75 3220 1945
76 2356 1568
77 1604 706
78 2028 1736
79 2581 121
80 2221 1578
81 2944 632
82 1082 1561
83 997 942
84 2334 523
85 1264 1090
86 1699 1294
87 235 1059
88 2592 248
89 3642 699
90 3599 514
91 1766 678
92 240 619
93 1272 246
94 3503 301
95 80 1533
96 1677 1238
97 3766 154
98 3946 459
99 1994 1852
100 278 165
EOF

49 26 33 12 80 87 23 78 93 37 31 10 65 16 89 40 51 7 83 96 88 22 45 97 69 48 41 14 72 68 38 60 73 90 62 53 21 15 75 70 76 42 6 79 57 95 3 85 66 35 74 63 92 77 28 71 43 64 30 98 56 84 58 59 13 67 44 32 52 39 2 17 82 5 4 81 61 24 19 34 36 8 50 18 54 99 9 29 91 1 46 25 86 20 47 11 27 55 94 0 
99 50 18 47 29 36 91 34 61 4 54 52 59 86 25 8 2 43 82 92 39 9 5 3 19 58 24 94 17 70 63 84 42 20 55 76 46 81 90 53 38 15 62 27 72 95 11 85 14 13 64 67 32 40 83 68 44 77 78 87 23 98 79 30 12 26 75 56 45 71 80 51 0 33 49 7 65 37 60 73 6 22 10 93 31 16 89 41 74 88 66 96 35 69 48 97 21 57 28 1 
82 39 5 58 4 52 17 84 63 24 19 8 43 59 3 54 42 76 61 92 9 81 70 15 25 86 91 36 18 95 53 90 62 85 50 34 38 20 99 1 46 47 64 29 72 13 14 67 94 55 32 11 27 68 44 77 83 98 79 40 30 75 56 23 87 26 78 71 45 12 51 60 80 7 33 65 37 0 73 49 6 22 10 74 66 41 93 35 89 16 31 88 96 69 57 21 48 28 97 2 
43 92 70 42 59 76 52 63 38 90 53 2 58 72 4 62 82 39 15 5 84 61 14 17 34 95 36 85 18 50 83 40 24 19 68 8 99 54 91 29 1 81 64 23 9 87 78 25 86 47 26 12 13 67 32 79 77 75 20 45 44 46 98 30 80 51 0 33 94 55 49 7 65 11 37 56 27 71 60 73 22 6 10 93 31 16 89 41 88 66 74 96 35 69 48 97 21 57 28 3 
52 2 82 39 5 61 59 54 58 8 43 36 18 91 19 50 17 3 24 84 63 92 86 25 34 9 99 1 42 47 29 70 76 81 15 53 90 20 62 95 38 46 85 94 55 72 14 11 27 64 13 67 32 68 83 40 44 77 98 79 30 75 23 87 78 26 56 12 45 71 51 80 33 7 60 0 65 37 49 73 6 22 10 93 74 66 41 31 89 16 88 35 96 69 48 57 97 21 28 4 
39 82 2 58 17 84 24 19 4 63 8 52 81 54 9 43 76 42 59 3 95 15 85 25 86 92 61 53 90 62 70 91 20 46 36 18 13 64 67 38 50 32 55 94 11 34 14 99 1 27 72 47 44 68 29 77 98 30 79 83 75 40 56 71 23 45 87 26 78 12 51 60 80 7 65 33 37 73 6 0 49 22 74 66 10 41 35 93 89 16 88 31 57 69 96 28 21 48 97 5 
73 60 74 66 35 71 75 45 79 56 7 22 51 28 30 57 77 41 65 98 37 68 21 80 44 33 64 10 32 88 67 13 85 95 14 83 89 69 26 49 23 62 15 16 40 0 87 93 53 48 90 97 12 72 78 76 38 31 63 84 96 42 81 17 58 70 5 39 3 82 2 24 19 43 92 52 11 46 59 4 8 9 27 20 54 61 25 55 86 94 36 91 18 34 50 99 1 29 47 6 
51 65 37 45 80 33 22 10 73 41 60 49 26 0 88 23 89 68 83 16 87 6 93 40 75 12 78 69 14 21 79 66 31 74 35 48 57 97 96 72 71 62 28 77 53 90 38 15 56 30 85 95 98 64 76 42 44 70 13 67 63 32 3 84 58 92 43 17 39 5 82 81 2 59 52 24 4 19 8 61 9 46 54 34 36 11 20 18 50 25 86 91 27 99 29 1 55 94 47 7 
9 54 19 24 25 86 5 82 39 4 2 20 17 91 94 46 58 55 81 84 52 18 61 27 36 11 63 47 59 50 1 43 99 3 34 42 29 76 95 92 85 15 13 67 70 53 90 32 64 62 38 44 14 72 77 98 30 68 79 75 56 83 40 71 23 45 87 26 78 60 12 51 7 80 6 65 73 33 37 0 49 22 74 66 35 10 41 93 89 16 88 31 57 28 69 96 21 48 97 8 
8 19 25 20 54 86 24 94 55 46 5 82 27 39 17 81 2 11 4 91 58 84 52 18 61 47 63 36 1 50 59 99 43 95 13 85 67 3 34 29 42 76 32 15 92 64 70 53 62 90 44 38 77 98 30 14 72 79 68 56 75 71 83 40 45 23 87 60 26 78 51 12 6 7 73 80 65 33 37 0 49 74 66 22 35 10 41 93 89 88 16 31 57 28 21 69 96 48 97 9 
89 88 16 93 37 69 22 33 41 65 48 49 80 31 97 7 96 0 51 21 26 45 23 87 12 73 78 57 60 83 40 6 35 28 68 66 74 14 75 72 79 38 62 90 53 71 15 77 56 30 76 85 95 98 42 64 70 63 44 3 13 67 32 92 84 43 58 17 39 59 5 82 2 52 81 4 24 19 61 8 34 36 9 54 50 18 46 11 99 91 20 25 29 86 1 27 47 55 94 10 
27 46 20 55 81 94 9 24 19 8 17 25 86 54 5 13 32 67 39 82 84 58 2 44 64 85 4 95 63 91 98 77 30 52 15 76 56 18 61 42 79 47 59 62 43 36 3 53 90 1 50 71 75 99 92 70 68 34 29 14 38 72 83 60 45 6 40 73 51 23 7 26 74 87 66 65 80 78 37 33 12 35 22 0 49 41 10 28 57 88 89 93 16 21 31 69 48 96 97 11 
78 87 23 26 0 40 49 83 80 33 72 37 14 51 65 93 31 7 38 10 68 45 16 89 90 53 62 96 70 88 22 76 42 15 41 97 69 3 48 92 60 73 63 75 43 95 85 79 59 21 6 84 58 64 77 52 30 2 39 71 98 82 5 66 17 57 13 56 74 67 35 4 32 44 61 28 34 81 24 36 19 50 18 8 99 29 54 1 91 9 25 86 47 46 20 11 27 55 94 12 
67 32 64 44 98 77 85 30 95 81 79 56 84 17 75 71 15 58 63 24 62 68 5 19 39 82 76 53 90 46 11 2 14 42 8 60 9 20 27 45 38 6 3 4 70 72 52 83 73 43 54 55 51 59 92 40 25 86 94 7 74 66 65 23 26 80 37 61 33 35 87 91 22 36 78 18 12 50 0 49 41 34 99 1 47 10 29 28 57 88 89 16 21 93 69 31 48 97 96 13 
62 53 90 83 72 68 38 15 40 76 42 70 23 95 26 87 63 85 78 3 45 12 51 80 84 79 92 43 75 33 58 64 7 65 37 0 77 49 39 17 2 82 5 59 13 60 67 30 52 98 32 44 73 4 71 56 81 22 6 10 24 19 61 93 41 89 16 8 88 31 34 36 54 66 74 9 18 50 35 96 69 91 46 25 99 86 48 97 20 29 1 21 57 11 47 28 27 55 94 14 
62 53 76 90 95 63 85 42 14 38 84 68 58 72 70 3 64 17 39 5 82 83 2 43 13 79 92 67 40 77 32 52 75 81 59 30 98 44 4 24 19 45 23 26 87 56 51 78 8 71 12 60 80 7 61 65 33 9 54 37 73 36 46 0 49 6 18 34 25 86 20 91 50 11 22 99 1 27 29 55 10 94 47 74 66 41 93 35 89 88 16 31 69 96 57 21 48 28 97 15 
89 93 10 88 31 48 97 96 69 49 33 37 0 22 41 80 65 7 21 51 26 12 23 87 45 78 57 73 40 83 60 28 35 68 6 66 74 14 72 75 38 79 62 90 53 71 15 76 77 56 70 30 42 95 85 98 64 63 3 44 92 13 67 32 43 84 58 59 17 39 5 82 2 52 81 4 24 19 61 34 8 36 50 18 54 9 46 99 29 91 11 1 25 20 86 27 47 55 94 16 
84 5 58 39 82 24 19 81 2 63 8 95 85 4 9 15 76 52 13 54 42 67 64 46 62 43 32 3 53 20 90 59 25 86 70 11 92 44 61 38 27 91 55 77 14 94 98 36 68 18 30 72 79 50 34 75 1 99 47 56 83 29 71 40 45 23 60 26 87 51 78 12 7 6 80 73 65 33 37 0 49 22 74 66 35 10 41 93 88 89 16 31 57 28 69 21 96 48 97 17 
36 50 1 99 61 91 29 47 34 4 52 54 59 86 25 2 8 43 82 39 92 5 9 3 19 58 24 17 63 84 70 42 94 20 76 55 81 46 90 53 38 15 62 95 72 27 85 11 14 13 64 67 32 68 83 40 44 77 98 78 87 23 79 30 26 12 75 56 45 71 80 51 0 33 7 49 65 37 60 73 6 22 10 93 31 16 89 41 74 66 88 35 96 69 48 97 21 57 28 18 
24 8 9 17 5 39 82 81 2 54 58 20 46 84 25 86 4 55 11 94 63 27 52 91 95 85 13 67 59 43 61 76 15 32 42 18 64 3 36 62 92 50 53 90 47 44 1 70 99 34 77 38 98 29 30 14 79 68 72 56 75 71 83 40 45 23 60 87 26 78 51 12 6 7 73 80 65 33 37 0 49 74 66 22 35 10 41 93 88 89 16 31 57 28 21 69 96 48 97 19 
46 55 94 9 27 11 19 8 24 25 86 54 81 17 5 82 39 2 91 58 84 4 52 13 67 63 32 18 47 61 95 36 85 64 1 50 44 59 99 43 15 76 42 3 29 34 98 92 62 77 53 90 30 70 79 38 56 14 68 75 72 71 83 40 45 60 6 23 26 87 51 73 78 7 12 65 80 33 37 74 66 0 49 22 35 41 10 88 93 89 28 16 57 31 21 69 96 48 97 20 
41 57 69 88 22 28 48 10 97 89 16 35 65 66 73 37 7 93 74 51 96 33 60 80 6 31 45 49 0 26 23 75 87 12 71 68 78 83 79 40 56 14 77 30 98 72 62 64 15 53 90 85 38 44 95 67 13 32 76 42 70 63 84 3 58 17 92 43 81 39 5 82 2 59 52 24 19 4 8 46 61 11 9 54 20 34 36 27 18 50 25 86 91 99 55 29 1 94 47 21 
41 65 7 37 10 51 88 33 80 73 45 89 21 69 16 60 57 93 49 48 6 97 0 35 66 74 28 31 26 96 23 87 75 68 83 12 40 78 79 71 14 56 77 30 72 62 98 53 90 15 38 64 85 95 76 44 67 13 32 42 70 63 84 3 58 92 17 43 81 39 5 82 2 59 52 24 19 4 8 61 46 9 11 54 34 36 20 18 50 27 25 86 91 99 29 1 55 94 47 22 
26 87 12 78 40 83 0 80 49 33 14 37 72 51 65 7 68 45 38 90 53 10 62 93 31 16 22 89 15 76 70 42 88 96 60 41 75 73 3 95 79 85 63 69 92 48 97 43 6 64 77 84 58 59 21 30 71 98 56 52 13 66 2 39 67 82 17 74 5 35 32 44 57 4 28 81 61 24 19 34 36 8 50 18 54 99 9 29 91 1 25 86 46 20 47 11 27 55 94 23 
19 8 17 9 5 81 39 82 2 58 84 54 46 20 25 86 4 63 11 55 94 27 52 95 91 85 13 67 59 15 32 76 43 64 42 61 3 18 36 62 53 90 92 44 50 70 47 1 99 77 34 98 38 30 29 14 79 68 72 56 75 71 83 40 45 23 60 87 26 51 78 6 12 7 73 80 65 33 37 0 49 74 66 22 35 10 41 93 88 89 16 31 57 28 21 69 96 48 97 24 
86 54 8 9 91 94 20 55 19 24 4 47 18 46 82 5 2 39 36 1 61 17 50 52 27 99 58 11 81 84 29 59 34 63 43 3 92 42 76 95 85 70 15 13 67 53 90 32 62 64 38 44 72 14 77 98 30 68 79 83 56 75 40 71 23 87 45 26 78 12 60 51 80 7 6 33 65 73 37 0 49 22 74 66 10 35 41 93 89 16 88 31 57 28 96 69 21 48 97 25 
23 87 12 78 40 0 83 80 49 33 37 51 65 7 14 72 45 68 38 10 93 31 16 90 53 62 89 22 88 15 76 70 96 42 41 60 73 75 69 48 97 79 3 95 85 63 92 6 43 64 77 21 84 30 58 71 98 59 66 56 74 35 57 13 67 52 39 2 17 82 5 44 32 28 4 81 61 24 19 34 36 8 50 18 54 9 99 29 91 1 25 86 46 20 47 11 27 55 94 26 
11 46 20 55 94 9 19 24 81 8 25 86 54 17 5 39 82 84 2 13 58 67 32 4 91 44 64 85 95 63 52 98 18 47 77 30 61 15 36 1 59 76 50 43 42 99 3 62 56 53 79 90 29 92 34 70 71 75 68 38 14 72 83 60 45 40 6 73 51 23 26 7 87 74 65 78 66 80 12 37 33 35 22 0 49 41 10 28 57 88 89 93 16 21 31 69 48 96 97 27 
57 35 66 74 21 41 73 6 22 60 69 88 7 65 10 51 45 37 48 89 97 71 16 75 33 80 56 93 79 49 96 30 31 77 0 68 98 26 23 83 44 87 64 40 12 14 78 32 67 85 13 95 62 15 53 90 72 38 76 42 63 84 70 81 58 17 3 5 39 82 43 2 92 24 19 52 59 11 4 46 8 9 27 20 54 61 25 86 55 36 94 34 18 91 50 99 1 29 47 28 
99 50 1 34 36 18 47 61 91 59 4 52 54 43 86 92 25 2 8 3 82 39 5 9 58 70 19 24 42 63 17 84 76 94 20 55 38 90 53 15 81 72 62 46 95 85 27 14 11 40 83 64 13 68 67 32 78 87 23 12 44 26 77 79 98 30 75 45 0 80 56 51 33 49 71 7 65 37 60 73 6 22 10 93 31 16 89 88 41 96 74 66 35 69 48 97 21 57 28 29 
98 77 56 44 79 71 64 32 75 67 13 85 95 60 68 6 15 81 45 73 62 84 17 14 63 74 53 90 66 76 58 51 7 35 5 83 39 24 42 65 82 19 38 72 2 37 40 11 46 80 22 33 70 23 3 26 41 8 27 9 87 20 43 4 52 28 92 57 78 12 49 59 0 10 54 55 88 25 21 86 94 89 16 61 93 69 91 36 18 31 48 50 97 34 96 99 1 47 29 30 
93 96 16 89 49 10 97 0 48 88 69 33 80 37 12 65 26 22 87 78 23 41 7 51 21 40 45 83 73 57 60 68 14 72 38 28 6 35 66 74 62 90 53 75 79 15 70 76 42 71 95 85 77 3 30 63 92 56 64 98 43 84 13 44 67 58 59 32 52 39 17 2 82 5 4 81 61 24 19 34 36 8 50 18 54 99 29 9 91 1 46 25 86 20 47 11 27 55 94 31 
67 13 44 64 98 77 30 85 95 56 81 79 71 75 17 84 15 58 24 63 68 62 19 5 39 11 82 46 76 53 90 2 14 60 42 27 20 6 9 8 45 38 73 4 3 72 83 70 52 43 54 55 51 74 25 40 94 7 86 66 59 92 65 35 23 37 80 26 33 61 87 91 22 78 36 18 12 41 50 49 0 34 28 1 99 10 47 57 29 88 89 21 16 93 69 31 48 97 96 32 
80 37 65 49 51 7 0 26 10 23 45 22 87 12 93 89 16 78 88 83 40 41 31 68 69 73 60 96 14 48 97 72 21 75 6 38 62 79 90 53 57 15 66 35 74 76 95 85 71 42 28 77 70 30 64 56 98 63 3 13 44 67 92 84 32 43 58 17 59 39 5 82 2 52 81 4 24 19 61 8 34 36 54 9 50 18 46 91 99 11 25 20 29 86 1 27 47 55 94 33 
50 36 29 61 99 18 1 59 47 52 91 4 43 92 3 2 54 82 70 39 5 86 25 8 42 58 63 76 19 9 84 24 17 38 90 53 72 15 62 94 20 81 55 95 14 85 46 40 83 27 68 11 64 13 67 78 87 23 32 12 26 44 77 79 98 30 75 45 0 80 33 51 49 56 7 65 37 71 60 73 6 22 10 93 31 16 89 88 41 96 66 74 69 35 48 97 21 57 28 34 
66 74 28 6 57 73 60 41 22 21 71 45 7 75 65 51 56 37 79 88 10 69 30 33 80 77 98 89 16 68 48 97 44 49 93 64 0 26 83 32 23 67 13 14 85 31 96 95 40 87 62 12 15 78 53 90 72 38 76 63 84 42 81 17 58 70 3 5 39 82 2 24 43 19 92 11 52 46 59 4 8 9 27 20 54 61 55 25 86 94 36 91 18 34 50 99 1 29 47 35 
50 18 61 99 34 1 29 91 47 4 52 59 54 43 2 92 86 25 8 82 39 3 5 58 9 19 70 24 63 42 17 84 76 94 20 90 53 38 55 15 81 62 46 72 95 85 14 27 11 64 13 67 40 83 68 32 44 78 87 23 77 79 12 26 98 30 75 45 56 80 51 0 71 33 49 7 65 37 60 73 6 22 10 93 31 16 89 41 88 74 66 96 35 69 48 97 21 57 28 36 
65 33 7 80 51 22 10 49 45 0 41 26 88 89 16 23 93 87 73 60 12 83 31 69 40 78 68 48 97 96 21 14 6 75 57 66 79 35 72 74 62 38 53 90 28 15 71 77 85 95 30 76 56 98 64 42 70 63 44 13 67 32 3 84 92 58 43 17 39 5 82 2 59 81 52 4 24 19 61 8 34 9 36 54 46 18 50 11 20 91 25 86 99 29 27 1 55 47 94 37 
72 90 53 70 42 76 14 62 15 3 83 40 63 92 43 68 23 87 95 59 78 58 26 85 84 12 52 2 39 82 5 17 4 45 64 80 51 33 0 79 61 75 49 7 65 37 13 77 67 24 81 19 34 32 36 30 98 8 44 60 50 18 54 56 99 71 73 91 9 22 29 10 1 93 25 86 6 31 16 89 47 46 41 88 20 96 11 66 74 55 94 69 27 48 35 97 21 57 28 38 
82 5 2 58 17 84 4 63 24 19 52 8 81 43 54 59 42 76 3 9 15 95 85 92 61 25 53 86 90 70 62 91 36 18 20 46 38 64 13 67 50 34 32 14 99 1 55 94 72 11 47 27 29 68 44 77 98 30 79 83 40 75 56 71 23 45 87 26 78 12 51 60 80 7 33 65 37 73 6 0 49 22 74 66 10 41 35 93 89 16 88 31 69 57 96 21 28 48 97 39 
83 23 87 26 78 72 12 14 38 68 80 90 53 0 62 33 49 51 70 76 37 45 15 65 42 7 3 63 95 92 85 10 43 93 75 22 79 31 60 16 89 84 58 73 64 59 88 77 41 52 96 2 39 82 5 30 17 6 98 13 67 69 71 4 32 48 56 97 44 61 81 66 21 24 74 19 35 34 36 57 8 50 18 54 28 99 9 29 91 1 25 86 46 47 20 11 27 55 94 40 
22 21 88 10 69 65 57 7 37 89 16 51 73 48 33 80 97 28 45 35 60 93 66 74 6 49 96 31 0 26 23 75 87 68 12 83 78 40 79 71 14 56 77 30 98 72 62 53 15 90 64 38 85 95 44 76 67 13 32 42 70 63 84 3 58 92 17 43 81 39 5 82 2 59 52 24 19 4 8 61 46 9 11 54 34 20 36 27 18 50 25 86 91 99 55 29 1 94 47 41 
76 70 3 90 53 63 38 62 43 15 92 72 58 14 59 84 52 2 39 82 5 95 85 17 4 68 83 40 61 24 64 19 81 23 8 36 87 34 13 78 26 67 18 54 50 79 12 32 77 9 75 91 45 99 44 98 30 1 25 29 86 51 80 33 47 7 0 65 46 20 37 49 56 60 71 11 55 94 73 27 6 22 10 93 31 89 16 41 88 66 74 35 96 69 48 97 21 57 28 42 
3 92 59 52 70 42 4 63 2 76 61 58 82 39 38 90 53 5 84 34 62 15 36 72 17 50 18 14 99 95 8 24 91 19 54 29 1 85 83 40 47 9 25 86 81 68 64 23 87 13 78 67 26 12 20 32 46 79 77 94 44 55 75 98 30 45 11 27 80 51 0 33 49 7 65 56 37 71 60 73 6 22 10 93 31 16 89 41 88 66 74 96 35 69 48 97 21 57 28 43 
32 98 67 13 30 77 64 56 79 71 85 75 95 81 84 15 17 68 62 58 63 60 6 24 19 5 53 76 39 11 90 14 46 82 45 73 2 42 27 20 74 38 9 8 66 83 51 72 7 3 70 35 4 65 40 43 52 55 54 37 80 92 94 59 23 25 33 22 86 26 87 41 78 12 61 28 91 49 0 57 10 36 18 50 88 21 34 89 99 1 16 47 93 69 29 31 48 97 96 44 
51 7 65 60 37 73 80 68 33 22 75 6 79 83 26 23 14 41 40 49 10 87 0 71 66 77 62 74 12 88 78 30 35 56 15 89 72 53 85 98 90 95 16 64 93 38 21 57 69 76 44 31 13 67 28 32 42 48 97 63 96 70 84 3 58 17 43 92 81 39 5 82 2 59 52 24 19 4 8 61 46 9 11 54 20 36 34 18 27 25 86 50 91 99 55 1 29 94 47 45 
20 11 27 55 9 19 94 24 81 8 25 86 17 54 5 39 82 84 2 58 13 67 32 4 91 63 64 85 95 44 52 18 15 98 61 77 47 76 36 59 30 43 42 1 3 50 62 53 99 90 92 56 79 70 34 29 75 38 71 68 14 72 83 40 45 60 6 73 23 51 26 87 7 78 65 80 12 74 33 37 66 35 0 22 49 41 10 28 57 88 89 93 16 31 21 69 96 48 97 46 
1 99 18 91 50 29 36 61 34 54 86 25 4 52 8 59 9 2 82 39 5 43 94 19 24 92 55 58 20 3 17 84 63 46 70 42 81 76 27 11 90 53 15 38 62 95 85 72 14 13 67 64 32 68 83 40 44 77 98 30 79 78 87 23 75 26 12 56 45 71 51 80 0 33 7 49 60 65 37 73 6 22 10 93 31 74 66 16 89 41 88 35 96 69 48 97 57 21 28 47 
97 69 88 89 16 96 10 93 31 21 41 22 49 37 33 65 0 80 7 57 51 26 45 28 12 23 73 87 78 60 35 66 74 40 6 83 68 14 75 72 79 71 38 62 90 53 56 15 77 30 76 98 85 95 70 64 42 44 63 3 13 67 32 92 84 43 58 17 59 39 5 82 2 52 81 4 24 19 61 34 8 36 9 54 50 18 46 11 99 91 29 20 25 86 1 27 47 55 94 48 
0 33 80 26 93 37 12 23 87 10 31 78 65 16 89 51 7 88 40 96 83 22 45 69 97 48 41 14 68 72 73 60 21 38 62 90 53 75 6 15 57 76 79 70 42 66 35 74 95 85 28 3 77 63 71 92 64 30 56 43 98 84 58 13 67 44 59 32 17 39 52 2 82 5 4 81 61 24 19 34 36 8 50 18 54 9 99 29 91 1 46 25 86 20 11 47 27 55 94 49 
36 99 18 1 29 34 61 47 91 4 52 59 54 43 86 2 25 92 8 82 3 39 5 58 9 19 70 24 63 42 17 84 76 94 20 55 90 38 53 15 81 62 46 72 95 85 27 14 11 64 13 40 83 67 68 32 78 44 87 23 77 12 26 79 98 30 75 45 56 80 0 51 33 71 49 7 65 37 60 73 6 22 10 93 31 16 89 41 88 74 66 96 35 69 48 97 21 57 28 50 
7 65 37 45 80 33 22 60 26 49 73 10 23 41 0 68 83 87 40 88 89 12 16 75 6 78 93 14 79 69 31 66 21 74 72 62 35 48 97 57 71 96 53 90 38 15 77 30 85 56 95 28 98 64 76 42 70 44 13 63 67 32 3 84 58 92 43 17 39 5 82 2 81 59 52 24 4 19 61 8 9 46 54 34 36 11 18 20 50 25 86 91 27 99 29 1 55 94 47 51 
59 4 43 2 61 3 92 82 39 5 58 36 63 18 42 34 50 70 84 91 76 17 54 8 99 1 19 24 29 90 53 86 25 15 47 38 9 62 72 95 81 85 14 20 46 94 64 55 68 13 83 67 40 32 11 27 44 77 79 23 87 78 98 30 26 12 75 45 56 51 80 71 33 0 7 65 49 37 60 73 6 22 10 93 31 89 16 41 74 66 88 35 96 69 48 97 21 57 28 52 
90 62 76 15 38 42 14 72 70 63 3 68 95 83 85 43 84 58 40 92 39 2 82 5 17 59 52 64 23 87 26 4 78 79 13 12 45 75 67 77 81 24 32 19 51 30 80 98 61 44 33 7 65 8 37 0 49 60 56 36 34 71 54 9 18 50 73 91 25 86 99 6 22 46 1 29 20 10 47 11 93 41 89 16 27 31 55 88 94 66 74 35 96 69 48 97 21 57 28 53 
25 86 8 9 91 19 4 24 2 82 5 39 20 94 18 55 52 47 36 61 17 1 58 50 46 99 84 59 81 29 27 34 43 63 11 3 92 42 76 70 95 15 85 53 90 62 13 67 64 32 38 44 72 14 77 98 68 30 79 83 40 75 56 71 23 87 26 45 78 12 60 51 80 7 33 65 6 73 37 0 49 22 74 66 10 35 41 93 89 16 31 88 57 96 69 28 21 48 97 54 
94 20 27 46 9 11 25 86 8 54 19 24 81 91 17 5 82 39 2 4 58 84 47 18 52 1 36 61 50 63 99 13 67 32 59 95 85 29 64 43 34 44 3 76 15 42 92 62 98 53 90 77 70 30 38 79 56 14 68 72 75 71 83 40 45 60 23 6 87 26 51 73 78 7 12 80 65 33 37 74 66 0 49 22 35 41 10 93 88 89 16 28 57 31 21 69 96 48 97 55 
71 30 98 77 79 75 44 32 64 67 13 6 60 85 73 95 68 74 45 66 15 35 81 62 51 7 14 84 17 53 65 90 63 76 58 22 83 37 80 5 42 24 33 39 38 28 41 19 40 82 72 57 11 2 23 46 26 70 87 3 27 10 49 20 21 8 9 0 43 78 12 88 4 52 92 89 59 16 54 69 55 93 25 94 86 48 31 97 61 96 91 36 18 50 34 99 1 47 29 56 
28 21 35 41 66 74 22 73 6 69 88 60 10 7 65 48 37 89 51 97 16 45 33 80 93 75 96 71 49 31 0 79 56 68 26 23 30 77 98 87 83 12 40 78 14 64 44 85 62 95 32 67 13 15 72 53 90 38 76 42 63 70 84 58 81 17 3 39 5 43 92 82 2 24 19 59 52 4 46 11 8 9 20 27 61 54 25 36 86 34 55 18 50 91 94 99 1 29 47 57 
84 39 5 82 2 17 63 24 4 76 19 52 42 15 95 43 3 81 85 8 53 90 59 62 70 92 54 9 38 64 61 13 67 14 25 86 32 72 46 91 36 20 18 68 50 44 34 77 11 98 79 99 1 55 30 94 83 27 47 40 29 75 56 71 23 45 87 26 78 12 51 60 80 7 33 65 37 73 6 0 49 22 74 66 10 41 35 93 89 16 88 31 69 57 96 21 28 48 97 58 
43 52 92 3 61 4 2 70 36 34 42 82 39 50 63 18 58 5 76 99 84 29 38 1 90 91 53 17 54 8 15 62 72 47 19 24 86 25 14 9 95 85 81 40 83 68 20 64 46 13 94 67 55 87 78 23 32 26 12 11 27 77 79 44 98 30 75 45 80 51 0 33 56 49 7 65 37 71 60 73 6 22 10 93 31 16 89 41 88 66 74 96 35 69 48 97 21 57 28 59 
73 6 45 75 66 74 7 51 79 71 35 65 22 37 56 68 41 77 30 80 33 98 57 28 64 10 83 44 14 21 88 85 26 23 95 49 67 40 32 13 62 15 89 0 87 16 69 53 90 93 12 78 72 38 48 76 97 31 63 42 84 96 70 58 81 17 3 5 39 82 2 43 92 24 19 52 59 4 46 11 8 9 20 27 54 61 25 86 36 55 34 18 91 94 50 99 1 29 47 60 
36 50 18 34 52 99 59 4 1 29 91 43 47 92 2 3 54 82 39 5 8 86 58 25 70 42 63 19 84 24 17 9 76 90 53 38 15 62 72 81 20 94 95 55 46 85 14 27 11 64 83 40 68 13 67 32 78 87 23 44 77 26 12 79 98 30 75 45 56 80 51 0 33 71 49 7 65 37 60 73 6 22 10 93 31 16 89 41 88 74 66 96 35 69 48 97 21 57 28 61 
53 90 15 76 14 38 42 63 68 95 72 85 70 83 84 3 58 40 43 64 92 17 39 5 82 2 79 23 75 13 59 52 77 67 26 87 45 32 78 30 4 81 98 12 51 44 24 80 19 7 33 65 56 60 37 71 61 0 8 49 73 54 9 36 6 34 18 22 50 46 91 25 86 20 10 99 11 1 29 41 93 66 74 89 16 27 88 47 31 55 94 35 69 96 48 21 57 97 28 62 
58 76 84 42 15 39 82 5 53 2 90 62 17 3 95 43 70 85 52 38 92 4 59 14 24 72 19 81 64 68 8 13 67 61 32 54 83 9 40 77 79 36 44 18 98 25 30 86 91 34 75 50 46 20 23 99 1 87 26 45 56 11 29 78 47 12 55 71 27 94 51 80 60 7 33 65 37 0 73 49 6 22 10 74 66 41 93 89 35 16 88 31 96 69 57 21 48 97 28 63 
13 67 32 85 77 44 95 98 30 79 75 56 15 81 84 71 68 17 62 63 58 53 76 90 14 5 39 24 82 42 19 60 2 45 38 6 83 72 46 73 3 70 11 8 51 43 40 9 4 52 7 20 92 27 65 59 23 54 74 26 80 66 37 33 87 25 86 55 35 22 78 94 12 61 0 49 91 41 36 18 10 50 34 57 28 99 1 88 47 89 16 29 93 21 69 31 48 97 96 64 
7 37 51 33 80 22 45 10 49 41 0 26 88 73 60 23 89 16 93 87 83 68 12 40 69 78 31 6 21 75 48 14 97 96 66 79 57 35 74 72 62 28 71 38 53 90 15 77 30 56 85 95 98 76 64 42 70 44 63 13 67 32 3 84 58 92 43 17 39 5 82 2 81 59 52 4 24 19 61 8 9 34 46 54 36 11 18 50 20 25 86 91 99 27 29 1 55 94 47 65 
74 35 6 73 28 60 57 41 22 71 45 75 21 7 56 51 65 79 37 30 77 98 88 10 33 80 69 68 89 44 16 64 48 49 32 97 67 93 13 26 83 0 85 23 14 95 40 87 62 31 15 96 12 78 53 90 72 38 76 63 84 42 81 17 58 70 5 39 3 82 2 24 19 43 92 11 46 52 59 4 8 9 27 20 54 61 55 25 86 94 36 91 18 34 50 99 1 29 47 66 
13 32 64 44 98 77 30 85 95 81 79 56 75 84 17 71 15 58 63 24 62 68 5 19 39 82 76 53 90 46 11 2 14 42 60 8 9 20 27 45 6 38 3 4 70 73 72 83 52 43 54 55 51 40 59 92 25 86 7 94 74 66 65 23 80 26 37 35 61 33 87 91 22 78 36 18 12 50 41 49 0 34 1 99 47 10 28 57 29 88 89 21 16 93 69 31 48 97 96 67 
14 62 83 15 45 53 90 79 75 95 85 40 72 38 76 51 23 64 7 26 77 60 80 42 65 87 63 33 30 37 98 70 78 13 73 67 84 12 71 56 32 44 58 3 6 0 49 22 17 43 39 92 5 82 2 81 10 41 59 66 52 74 24 88 93 89 35 19 16 4 31 69 8 57 21 61 96 48 9 28 97 54 46 36 11 34 20 18 25 86 50 91 27 99 1 55 29 94 47 68 
48 88 97 89 16 10 21 41 93 96 22 31 37 65 33 49 7 57 80 0 51 28 73 45 26 35 60 23 12 87 66 74 78 6 83 40 68 75 14 79 72 71 62 38 56 53 90 77 30 15 98 85 95 76 64 42 70 44 13 67 63 32 3 84 92 43 58 17 39 59 5 82 2 81 52 4 24 19 61 8 34 36 9 46 54 50 18 11 20 91 99 25 86 29 27 1 55 47 94 69 
3 42 92 38 43 76 90 53 72 59 63 62 15 14 52 58 2 84 39 82 40 83 4 5 95 61 68 17 85 34 23 87 78 36 26 12 50 18 24 19 64 8 99 81 54 29 91 1 13 67 79 45 80 9 0 75 77 32 51 33 25 86 47 49 7 30 98 44 65 37 20 46 60 56 71 73 94 55 11 22 10 27 93 6 31 16 89 88 41 96 66 74 69 35 48 97 21 57 28 70 
56 30 75 98 79 77 6 44 60 64 32 73 67 13 74 66 45 85 68 95 35 51 7 15 65 62 14 22 81 37 53 84 90 28 83 41 80 33 76 63 57 17 58 40 38 42 26 72 23 5 39 24 10 82 21 87 19 49 2 88 0 70 11 46 78 12 3 89 16 69 43 27 93 8 9 20 92 52 4 48 59 31 97 54 55 96 25 86 94 61 91 36 18 50 34 99 1 47 29 71 
38 14 90 53 40 83 70 62 42 76 15 3 23 87 68 78 26 92 63 12 43 95 85 59 58 84 80 52 0 45 33 51 2 39 49 82 5 7 65 37 17 64 4 79 75 61 77 13 67 60 30 34 32 98 24 81 19 36 10 22 44 73 93 8 50 18 31 56 71 16 89 54 6 99 88 41 29 91 9 1 96 25 86 47 69 46 48 97 66 20 74 35 11 21 55 94 27 57 28 72 
60 6 66 74 45 35 7 22 51 75 65 41 37 71 79 57 28 80 33 56 68 21 10 77 30 88 98 89 69 49 83 26 16 64 23 14 0 44 40 93 85 87 48 95 62 32 67 13 15 97 12 78 53 31 90 72 96 38 76 63 42 84 70 58 81 17 3 39 5 82 43 2 92 24 19 52 59 4 46 11 8 9 20 27 54 61 25 86 36 55 34 18 91 94 50 99 1 29 47 73 
66 35 6 73 28 60 57 71 41 22 75 45 56 21 7 79 51 65 30 37 77 98 88 10 33 80 68 69 44 89 64 16 48 32 67 13 49 85 97 93 83 26 0 95 14 23 40 62 15 87 31 96 12 53 90 78 72 76 38 63 84 81 42 17 58 70 5 39 3 82 2 24 19 43 92 11 46 52 59 4 8 27 9 20 54 61 55 25 86 94 36 91 18 34 50 99 1 29 47 74 
79 77 71 30 56 98 60 64 68 45 6 73 44 85 67 13 32 95 51 7 15 14 62 74 66 65 83 37 53 90 35 22 80 33 76 40 84 63 38 23 72 26 41 81 42 17 58 87 49 10 57 0 28 5 70 78 39 12 82 3 2 88 24 21 19 89 43 16 93 92 69 52 46 4 59 11 8 31 48 9 97 20 96 27 54 61 25 86 55 94 36 91 18 34 50 99 1 29 47 75 
42 53 90 62 15 63 38 70 3 14 72 58 84 43 95 92 85 39 2 82 5 68 59 17 52 83 40 4 64 24 81 19 13 67 61 23 79 87 26 32 77 8 78 75 12 45 44 98 30 36 54 34 9 18 51 50 80 91 33 7 56 25 86 65 99 37 71 0 60 1 46 29 49 20 47 73 11 6 55 27 94 22 10 93 41 89 16 31 66 74 88 35 96 69 48 97 21 57 28 76 
30 98 79 44 56 64 75 32 67 71 13 85 95 68 60 15 6 62 45 81 84 73 14 17 53 63 90 76 58 51 74 66 7 83 5 42 39 24 38 82 65 19 72 35 2 40 37 80 70 33 46 22 11 3 23 26 43 87 8 9 41 4 52 20 27 92 78 12 59 49 0 28 57 54 10 55 25 86 88 94 21 89 61 16 93 91 69 36 18 31 50 48 34 97 96 99 1 47 29 77 
12 87 23 26 40 0 83 49 80 33 72 14 37 38 51 65 7 93 68 31 90 45 53 10 62 70 16 89 76 42 15 96 22 88 3 92 41 63 43 97 69 60 48 95 75 73 85 79 59 84 58 64 6 52 77 21 2 39 82 30 5 17 98 71 13 67 4 56 66 74 57 32 35 44 61 34 81 28 24 36 19 50 18 8 99 29 54 1 91 9 25 86 47 46 20 11 27 55 94 78 
75 77 30 98 71 56 64 44 68 85 67 13 60 32 95 45 6 73 15 62 14 51 7 53 90 83 74 76 65 84 66 63 81 37 17 38 80 35 40 58 42 72 33 22 23 26 5 39 82 87 41 70 24 2 3 19 78 49 12 0 10 43 57 28 92 88 52 46 11 4 8 59 21 89 16 9 93 20 27 69 54 31 48 61 25 86 97 55 96 94 36 91 18 34 50 99 1 47 29 79 
33 37 65 51 7 49 0 26 23 10 45 87 22 12 83 78 40 93 89 16 88 41 31 68 14 60 73 69 96 48 72 97 75 38 21 62 6 90 53 79 15 57 66 35 74 76 95 85 42 70 71 77 28 30 64 56 98 63 3 13 92 44 67 84 32 43 58 17 59 39 5 82 2 52 81 4 24 19 61 8 34 36 54 9 50 18 46 91 99 11 25 20 86 29 1 27 47 55 94 80 
17 24 19 84 46 5 13 67 58 39 32 82 11 9 85 95 64 8 20 2 63 44 27 54 15 55 4 98 77 25 86 76 94 30 62 52 42 53 90 79 43 3 56 59 91 75 68 70 14 92 38 61 71 18 36 72 50 47 1 99 83 34 45 40 29 60 6 73 51 23 26 7 87 65 78 80 37 33 12 74 66 22 0 35 49 41 10 88 28 57 89 93 16 31 21 69 48 96 97 81 
39 5 2 58 17 84 4 24 19 63 52 8 43 54 59 81 3 9 42 76 15 95 61 92 25 86 85 70 53 90 91 62 36 18 20 46 50 38 64 13 34 67 99 1 32 55 94 14 72 47 11 29 27 68 44 77 98 30 79 83 40 75 56 71 23 87 45 26 78 12 51 60 80 7 33 65 37 73 6 0 49 22 74 66 10 41 35 93 89 16 88 31 96 69 57 21 28 48 97 82 
40 23 14 26 87 72 78 68 12 38 90 62 53 80 33 51 45 0 15 49 76 37 65 7 42 70 95 3 63 85 75 79 92 60 10 22 43 93 64 73 84 58 77 89 16 31 88 59 41 30 98 39 6 2 13 17 82 52 67 5 71 56 32 96 44 69 4 48 97 81 66 74 24 61 35 21 19 57 34 8 36 50 28 18 54 9 99 91 29 1 25 46 86 20 11 47 27 55 94 83 
58 17 63 5 39 82 2 95 85 15 24 81 76 19 42 62 4 53 90 52 3 64 43 8 13 67 70 59 32 9 92 38 54 14 68 44 46 72 77 61 25 20 86 98 79 30 91 11 36 18 75 83 27 55 50 94 34 40 56 99 1 71 47 29 45 23 87 26 60 78 51 12 7 80 65 33 73 6 37 0 49 22 74 66 10 35 41 93 89 88 16 31 57 69 28 21 96 48 97 84 
95 64 15 13 67 84 62 32 63 77 79 76 17 53 68 58 44 90 98 30 81 14 75 42 5 39 82 2 38 56 24 19 71 72 70 3 83 43 45 52 4 40 92 60 8 59 46 9 51 23 6 11 73 7 54 26 20 87 65 80 37 33 27 61 78 25 86 12 55 91 36 94 18 22 74 0 66 49 50 34 35 99 1 41 10 47 29 88 89 93 16 57 28 31 21 69 48 96 97 85 
25 54 8 9 91 94 55 20 19 24 4 47 18 46 82 2 5 39 36 1 61 50 17 52 99 27 58 11 81 29 84 59 34 63 43 3 92 42 76 95 85 70 15 13 67 53 90 32 62 64 38 44 72 14 77 98 30 68 79 83 75 56 40 71 23 87 45 26 78 12 60 51 80 7 6 33 65 73 37 0 49 22 74 66 10 35 41 93 89 16 88 31 57 28 96 69 21 48 97 86 
23 78 26 12 40 83 0 49 80 33 72 14 37 51 65 38 7 68 45 93 90 53 10 31 62 16 89 70 76 22 15 42 88 96 3 41 60 92 75 73 63 95 69 97 48 85 79 43 6 64 84 59 58 77 21 30 52 71 98 2 39 82 5 17 13 56 67 66 74 35 57 32 44 4 61 81 28 34 24 19 36 50 8 18 54 99 29 9 91 1 25 86 46 47 20 11 27 55 94 87 
89 10 69 16 48 97 93 41 22 96 31 21 37 65 33 49 80 7 51 0 57 45 26 73 23 12 87 60 28 78 35 66 6 74 83 40 68 75 14 79 72 71 62 38 53 90 56 77 15 30 98 85 76 95 64 42 70 44 63 13 67 32 3 84 92 43 58 17 39 5 59 82 2 81 52 4 24 19 61 8 34 36 9 54 46 50 18 11 20 91 99 25 86 29 1 27 47 55 94 88 
16 88 10 93 69 48 97 31 96 49 22 41 37 33 0 80 65 7 21 51 26 23 12 45 87 78 57 73 60 40 83 28 35 6 66 68 74 14 75 72 79 38 62 90 53 71 15 77 76 56 30 85 95 70 42 98 64 63 3 44 13 67 92 32 43 84 58 17 59 39 5 82 2 52 81 4 24 19 61 34 8 36 50 54 9 18 46 99 91 11 29 20 25 86 1 27 47 55 94 89 
53 62 76 38 15 42 14 72 70 63 3 68 95 83 85 43 40 84 58 92 39 2 82 5 59 17 52 23 64 87 26 4 78 79 12 13 45 75 67 77 81 24 32 19 51 80 30 61 98 44 33 7 65 8 0 37 49 60 36 56 34 54 71 18 9 50 73 91 25 99 86 6 22 46 1 29 20 10 47 11 93 41 89 16 31 27 55 88 94 66 74 35 96 69 48 97 21 57 28 90 
18 47 1 54 36 86 50 25 99 61 4 29 8 34 52 9 2 82 59 39 19 5 24 94 43 58 20 55 17 92 3 84 46 63 81 42 70 27 76 11 15 90 53 95 62 38 85 72 13 67 64 14 32 44 68 83 77 40 98 30 79 75 23 87 78 56 26 12 71 45 51 80 60 33 7 0 65 37 49 73 6 22 10 74 66 93 41 31 89 16 35 88 96 69 48 57 97 21 28 91 
43 3 59 70 42 52 76 38 63 61 4 90 53 2 72 58 82 34 39 62 5 36 15 84 50 18 14 17 99 29 1 95 40 91 83 8 85 54 24 19 68 47 78 86 25 87 23 81 9 12 26 64 13 67 32 20 79 46 77 45 75 80 0 44 94 98 33 51 30 55 49 7 65 37 11 27 56 60 71 73 22 10 93 6 31 16 89 88 41 96 66 74 69 35 48 97 21 57 28 92 
31 16 89 96 10 88 49 97 48 0 69 33 80 37 65 22 41 7 26 51 12 23 87 78 21 45 40 83 73 57 60 68 14 72 6 28 35 66 74 38 75 62 90 53 79 15 76 70 42 71 95 77 85 30 56 64 3 98 63 92 43 44 13 67 84 32 58 59 17 39 2 52 82 5 81 4 61 24 19 34 36 8 50 18 54 9 99 29 91 46 1 25 86 11 20 47 27 55 94 93 
55 20 9 25 86 27 46 8 54 11 19 24 91 81 5 17 82 39 4 2 47 18 58 84 1 36 52 61 50 99 63 29 59 13 67 34 32 43 95 85 64 3 42 76 44 15 92 70 62 53 90 98 77 30 38 79 14 56 72 68 75 71 83 40 45 60 23 87 26 6 78 51 73 12 7 80 65 33 37 74 0 66 49 22 35 41 10 93 88 89 16 28 57 31 21 69 96 48 97 94 
85 15 64 84 62 63 13 67 76 53 58 90 17 32 68 77 79 14 42 44 81 98 30 5 39 82 75 38 2 24 3 70 72 19 56 83 43 71 52 4 92 45 40 59 8 60 9 46 51 23 54 26 11 7 20 87 73 6 65 80 61 78 25 33 86 37 27 12 36 91 55 18 94 0 50 49 34 22 74 66 99 1 35 47 29 41 10 88 93 89 16 57 31 28 21 69 96 48 97 95 
31 93 16 97 89 48 69 88 10 49 0 33 37 80 41 22 65 21 12 7 26 51 87 23 78 45 40 57 83 73 60 28 68 14 35 72 6 66 74 38 75 62 90 53 79 15 76 70 71 42 77 95 85 56 30 3 64 98 63 92 43 44 13 67 84 32 58 59 17 52 39 2 82 5 4 81 61 24 19 34 36 8 50 18 54 99 9 29 91 1 46 25 86 11 20 47 27 55 94 96 
48 69 16 89 96 88 93 10 31 21 41 22 49 37 33 0 65 80 7 51 57 26 12 23 45 87 78 28 73 60 35 40 66 83 74 6 68 14 75 72 79 38 62 71 90 53 15 56 77 30 76 85 98 95 70 42 64 63 44 3 13 67 32 92 43 84 58 17 59 39 5 82 2 52 81 4 24 19 61 34 8 36 50 18 9 54 46 99 11 29 91 20 1 25 86 27 47 55 94 97 
30 77 44 56 32 64 79 67 71 13 75 85 95 68 60 6 81 15 62 84 45 73 17 14 63 53 90 58 76 74 66 51 5 24 39 7 19 82 42 83 35 38 65 2 11 46 72 40 37 80 22 70 3 33 27 8 23 20 9 26 43 4 41 52 87 92 28 59 54 57 78 12 55 49 0 10 25 86 94 88 21 61 89 16 91 93 69 36 18 50 31 34 48 97 99 1 47 96 29 98 
1 50 29 18 36 34 47 61 91 4 52 59 54 86 25 43 2 8 92 82 39 3 5 9 58 19 24 70 63 42 17 84 94 76 20 55 90 38 53 81 46 15 62 72 95 27 85 11 14 64 13 67 40 83 68 32 44 78 87 23 77 12 26 79 98 30 75 45 56 80 0 51 71 33 49 7 65 37 60 73 6 22 10 93 31 16 89 41 88 74 66 96 35 69 48 97 21 57 28 99 