1
100
22068
1 3477 949
2 91 1732
3 3972 329
4 198 1632
5 1806 733
6 538 1023
7 3430 1088
8 2186 766
9 1513 1646
10 2143 1611
11 53 1657
12 3404 1307
13 1034 1344
14 2823 376
15 3104 1931
16 3232 324
17 2790 1457
18 374 9
19 741 146
20 3083 1938
21 3502 1067
22 1280 237
23 3326 1846
24 217 38
25 2503 1172
26 3527 41
27 739 1850
28 3548 1999
29 48 154
30 1419 872
31 1689 1223
32 3468 1404
33 1628 253
34 382 872
35 3029 1242
36 3646 1758
37 285 1029
38 1782 93
39 1067 371
40 2849 1214
41 920 1835
42 1741 712
43 876 220
44 2753 283
45 2609 1286
46 3941 258
47 3613 523
48 1754 559
49 2916 1724
50 2445 1820
51 3825 1101
52 2779 435
53 201 693
54 2502 1274
55 765 833
56 3105 1823
57 1937 1400
58 3364 1498
59 3702 1624
60 2164 1874
61 3019 189
62 3098 1594
63 3239 1376
64 3359 1693
65 2081 1011
66 1398 1100
67 618 1953
68 1878 59
69 3803 886
70 397 1217
71 3035 152
72 2502 146
73 3230 380
74 3479 1023
75 958 1670
76 3423 1241
77 78 1066
78 96 691
79 3431 78
80 2053 1461
81 3048 1
82 571 1711
83 3393 782
84 2835 1472
85 144 1185
86 923 108
87 989 1997
88 3061 1211
89 2977 39
90 1668 658
91 878 715
92 678 1599
93 1086 868
94 640 110
95 3551 1673
96 106 1267
97 2243 1332
98 3796 1401
99 2643 1320
100 48 267
EOF

73 20 6 82 75 68 11 50 46 31 62 87 34 97 57 72 15 39 58 94 61 63 2 35 83 45 16 51 13 78 60 25 22 70 98 44 55 48 43 24 53 88 80 14 27 19 71 96 7 49 64 9 79 56 59 4 41 47 30 67 89 37 32 29 8 65 21 92 12 38 90 74 85 86 42 40 54 18 91 26 5 93 81 66 69 33 36 17 52 84 3 23 95 77 76 1 10 99 28 0 
10 3 95 81 84 66 69 91 26 76 36 40 5 74 33 86 12 77 52 54 90 92 8 65 99 28 29 38 30 23 42 93 18 17 85 56 89 21 41 79 4 47 9 59 64 32 96 7 37 49 67 53 24 44 98 16 83 39 48 71 34 51 19 61 55 87 14 43 13 62 22 63 57 60 11 70 88 75 31 6 72 80 82 15 73 94 27 0 20 35 58 97 46 78 50 68 25 45 2 1 
45 46 25 68 78 82 15 72 50 0 73 20 6 70 60 80 88 75 97 11 13 31 51 43 87 62 34 57 58 94 39 35 71 63 61 83 16 22 98 44 24 27 55 53 48 14 19 7 96 64 67 49 4 37 79 47 9 41 56 89 32 59 30 29 65 21 8 38 92 85 42 12 90 18 54 74 93 40 86 5 91 26 17 33 81 69 66 36 23 52 77 84 99 28 76 95 3 1 10 2 
1 10 95 81 84 69 91 66 76 26 36 5 40 74 33 86 12 52 77 54 90 92 65 8 99 29 28 38 30 42 18 93 23 17 85 56 89 21 41 4 79 47 9 59 64 32 96 7 37 49 67 53 24 44 98 16 83 39 48 71 51 34 43 87 61 19 13 55 14 62 22 63 57 60 70 88 11 75 6 31 72 80 15 82 73 0 20 94 27 35 58 78 46 97 50 68 25 45 2 3 
41 89 47 7 64 29 30 32 65 37 67 56 21 92 96 79 38 24 53 71 90 9 8 44 12 51 98 54 43 42 13 85 39 59 18 16 49 74 83 5 93 34 60 87 70 88 40 91 33 80 72 15 48 69 86 26 36 61 62 81 82 17 52 6 0 75 55 11 73 66 77 84 20 23 57 78 19 76 14 95 31 46 99 63 3 28 25 22 10 94 1 68 50 58 97 35 27 45 2 4 
33 69 36 54 84 90 76 52 95 77 92 12 91 81 3 74 10 1 38 26 65 42 29 40 18 99 93 66 85 28 17 23 86 21 8 30 89 41 4 47 32 56 64 37 79 67 7 9 96 59 24 53 49 44 98 71 16 51 39 43 83 13 48 34 87 60 61 88 70 55 19 80 14 62 72 15 82 57 11 6 75 63 22 0 73 31 20 78 94 46 25 27 35 58 68 97 50 45 2 5 
20 73 0 75 11 82 31 62 87 50 57 68 34 97 46 39 94 58 61 63 35 83 72 16 22 15 55 48 98 44 14 19 27 51 24 2 13 53 45 60 78 70 25 43 88 80 96 49 7 71 64 9 79 59 56 4 41 30 47 89 67 37 32 8 29 65 21 92 12 38 74 90 86 40 54 85 42 26 91 18 5 81 66 93 69 33 36 17 52 3 84 95 76 77 23 1 10 99 28 6 
64 4 41 47 24 89 96 53 44 30 51 56 71 79 98 43 13 32 67 29 37 39 9 65 16 83 34 87 60 70 21 88 49 92 8 59 72 15 80 38 48 82 62 61 6 12 0 90 73 75 11 20 57 55 42 78 54 85 31 46 19 14 63 25 74 22 18 68 94 40 5 50 93 86 91 97 58 35 33 26 45 27 2 69 81 36 17 66 52 84 77 23 76 95 3 99 28 1 10 7 
30 56 74 65 12 79 40 9 86 59 29 96 26 91 64 92 81 66 49 4 41 89 53 24 54 7 47 90 44 5 98 69 16 3 83 38 33 36 32 39 48 1 21 84 95 10 76 42 34 37 61 19 55 87 14 52 67 85 18 77 62 51 93 71 22 13 43 63 57 11 75 31 17 6 99 94 73 23 27 82 20 0 28 60 70 72 35 15 88 58 80 97 50 46 68 78 25 2 45 8 
79 59 56 96 49 53 24 44 98 30 64 8 16 83 48 39 7 65 4 61 34 41 55 19 87 14 29 89 62 47 12 74 22 86 63 57 40 92 11 75 51 31 6 94 13 26 32 27 73 43 20 91 0 82 71 35 90 58 37 66 67 81 54 21 38 72 97 60 15 5 70 50 88 69 68 46 80 42 33 85 3 36 78 18 84 1 95 10 25 93 76 52 2 77 45 17 23 99 28 9 
1 3 95 84 81 69 76 91 66 36 26 5 33 40 74 77 52 86 12 54 90 92 99 65 8 28 29 23 38 93 42 18 17 30 85 21 89 56 41 4 79 47 9 32 59 64 96 7 37 49 67 53 24 44 98 16 83 39 48 71 51 34 43 87 19 61 13 55 14 62 22 63 60 57 70 88 11 75 80 31 72 6 15 82 73 0 94 20 27 35 58 78 46 97 50 68 25 45 2 10 
75 31 62 57 6 20 73 87 0 34 63 94 97 61 58 50 35 82 22 39 68 83 55 16 48 14 27 19 98 44 46 53 24 72 15 51 49 13 2 96 45 60 43 70 78 25 9 7 88 80 64 79 59 56 71 4 30 41 47 89 8 67 65 37 29 32 92 12 21 74 86 38 40 90 54 26 91 42 85 66 81 5 18 69 93 33 36 3 52 84 17 95 76 1 77 10 23 99 28 11 
74 65 91 92 40 8 54 26 5 81 29 90 69 86 30 66 33 36 3 84 56 95 89 41 38 4 76 1 79 10 52 47 64 21 42 9 77 96 18 85 32 59 7 93 37 99 53 24 17 49 67 23 28 44 98 16 83 39 71 48 51 34 43 87 13 61 55 19 14 62 60 70 57 88 22 63 11 75 72 6 80 15 82 31 73 0 20 94 27 35 58 46 78 97 50 68 25 45 2 12 
51 43 60 70 88 71 72 15 80 78 82 7 25 46 39 24 87 0 34 73 44 6 53 98 20 64 67 75 4 37 16 62 47 83 11 68 96 45 41 2 89 32 31 50 57 61 79 48 56 9 97 30 63 55 94 29 49 58 21 22 14 19 65 35 59 38 27 92 8 85 42 90 12 18 54 93 74 5 40 86 91 17 33 26 69 81 36 23 52 66 77 99 28 84 76 95 3 1 10 13 
19 55 22 48 61 63 27 57 94 83 16 35 62 31 49 58 11 34 87 75 39 98 44 97 53 6 59 20 24 73 9 96 0 50 79 82 68 56 64 7 46 51 72 13 30 15 8 43 60 4 70 2 41 45 78 71 88 65 89 47 80 25 29 86 12 74 40 32 67 37 92 26 91 66 21 90 81 38 54 5 69 42 85 3 33 36 18 1 84 10 93 95 76 52 77 17 23 99 28 14 
72 60 70 78 80 88 25 13 46 51 43 82 0 45 2 73 71 6 20 68 87 75 34 39 50 11 62 31 24 7 44 98 57 53 83 16 97 61 64 63 67 58 94 96 48 37 4 35 47 55 22 41 89 32 14 19 79 56 9 49 27 30 59 29 21 65 38 8 92 85 42 90 12 18 54 93 74 40 5 86 91 17 33 26 69 81 23 36 52 66 77 99 28 84 76 95 3 1 10 15 
83 98 44 39 48 34 61 53 87 24 62 55 49 96 19 14 57 63 11 22 9 75 31 79 6 59 94 20 73 64 0 56 82 35 7 58 27 97 51 13 50 30 68 72 43 15 4 46 41 60 8 70 71 47 89 88 65 80 29 78 25 2 45 67 32 37 12 92 74 86 40 21 38 90 26 91 54 66 81 42 5 85 69 18 33 93 36 3 84 95 52 1 76 10 77 17 23 99 28 16 
23 93 28 18 99 42 85 52 77 38 33 90 54 21 36 5 76 92 84 69 32 95 29 37 89 47 12 65 67 41 4 91 3 10 81 1 74 30 26 40 66 7 64 8 86 56 71 79 96 9 43 24 51 13 53 44 59 88 98 60 70 80 49 39 16 83 15 72 34 87 78 48 82 61 25 62 6 0 73 55 46 75 11 20 19 14 57 31 63 22 68 45 94 2 50 97 58 35 27 17 
93 42 85 17 38 23 21 90 54 28 99 52 92 33 77 32 5 29 36 37 89 47 69 76 67 41 65 84 4 12 95 30 91 74 7 81 3 64 10 8 40 26 1 56 71 66 79 86 96 43 9 24 51 53 13 44 98 59 88 60 70 80 39 49 16 83 15 72 34 87 48 78 82 61 62 25 6 0 73 46 75 55 11 20 19 57 14 31 63 22 68 94 45 50 2 97 58 35 27 18 
14 55 22 48 61 63 27 57 83 94 16 62 35 49 31 58 34 11 87 98 39 75 44 53 97 6 59 24 20 9 73 96 0 50 79 82 56 68 64 7 46 51 72 30 13 8 15 43 60 4 70 41 2 65 71 45 78 88 89 47 80 25 29 86 12 74 40 32 67 37 92 26 91 66 21 90 81 38 54 5 69 42 85 3 33 36 18 1 84 10 93 95 76 52 77 17 23 99 28 19 
73 6 0 75 11 82 50 31 68 62 97 57 87 34 46 58 94 63 61 39 35 72 83 15 22 16 55 2 48 98 44 45 27 14 51 19 13 78 60 24 53 25 70 43 88 80 96 49 7 71 64 9 79 59 56 4 41 30 47 89 67 37 32 8 29 65 21 92 12 38 74 90 86 40 54 85 42 26 91 18 5 81 66 93 69 33 36 17 52 3 84 95 76 77 23 1 10 99 28 20 
38 32 85 42 37 18 47 89 67 90 29 93 92 41 4 54 65 17 7 30 5 23 33 64 12 52 71 99 28 77 36 69 56 8 79 96 76 74 43 84 91 51 24 13 95 53 9 81 40 44 26 88 60 98 70 3 80 86 66 39 59 10 1 16 15 72 49 83 34 87 78 82 48 25 62 61 0 6 73 46 75 20 11 55 57 19 31 14 63 22 68 45 94 50 2 97 58 35 27 21 
63 55 14 19 27 94 35 61 57 48 58 31 62 11 75 83 97 16 34 87 6 39 20 73 98 49 50 0 44 53 24 82 68 59 96 9 79 46 56 72 64 51 15 13 7 2 43 60 45 70 30 78 25 8 88 80 4 71 41 47 89 65 29 67 32 37 86 12 74 40 92 26 21 91 90 38 66 54 81 5 42 85 69 18 33 3 36 93 1 84 95 10 52 76 77 17 23 99 28 22 
17 28 99 93 18 52 77 42 85 33 38 90 54 36 5 76 21 84 69 92 95 32 29 12 37 89 65 3 47 10 91 67 41 1 81 4 74 26 30 40 66 8 7 64 86 56 71 79 96 9 43 24 51 53 13 59 44 98 88 60 70 80 49 39 16 83 15 72 34 87 48 78 82 61 62 25 6 0 55 73 75 11 46 19 20 14 57 31 63 22 68 94 45 50 2 58 97 35 27 23 
53 44 98 96 39 16 83 64 7 34 79 87 9 56 49 48 61 62 59 51 30 4 13 55 41 11 57 43 75 6 19 14 47 82 89 73 31 0 63 20 71 22 72 8 65 60 15 29 70 94 88 32 67 58 35 46 80 37 97 50 68 27 78 92 12 25 21 74 38 90 2 45 40 86 54 91 42 26 85 5 81 18 66 69 33 93 36 3 52 84 95 17 76 77 1 10 23 99 28 24 
78 15 72 45 80 46 70 60 2 88 82 13 43 51 68 0 73 20 71 6 50 75 87 11 34 39 31 62 97 57 7 24 44 98 83 58 16 53 61 94 67 63 35 64 37 48 22 96 55 47 4 41 32 14 19 27 89 79 49 56 9 30 21 29 59 65 38 8 92 85 42 90 18 12 54 93 74 5 17 40 86 91 33 23 26 69 36 52 81 28 66 99 77 84 76 95 3 1 10 25 
66 40 81 91 74 86 3 12 1 10 69 8 5 95 84 36 65 54 76 33 92 30 90 29 52 56 77 79 9 59 89 38 41 4 64 96 42 47 21 18 49 99 93 85 7 32 28 53 17 23 24 44 98 37 16 67 83 48 39 19 14 55 34 61 87 71 51 62 43 13 22 63 57 11 75 31 6 27 94 60 70 82 73 20 88 0 72 35 15 80 58 97 46 50 68 78 25 2 45 26 
35 22 94 63 58 14 19 55 57 31 61 97 48 62 11 75 83 34 6 87 16 20 50 73 39 0 49 98 68 44 82 53 24 59 9 96 46 79 72 15 56 2 51 64 13 45 7 60 43 70 78 25 30 88 80 8 71 4 41 47 89 65 29 86 67 32 12 37 74 40 92 26 21 91 66 90 38 81 54 5 42 85 69 33 18 3 36 1 93 84 10 95 52 76 77 17 23 99 28 27 
99 23 17 77 52 93 18 33 42 85 36 76 54 5 90 84 38 95 69 21 92 3 10 12 29 91 1 32 81 65 89 37 47 74 41 26 67 4 66 40 30 86 8 64 7 56 79 71 96 9 24 53 43 59 51 13 44 98 49 88 60 70 39 80 16 83 34 15 72 87 48 61 78 82 62 25 55 6 0 19 14 73 75 11 20 57 46 31 63 22 94 68 45 50 2 35 58 97 27 28 
65 89 92 41 4 30 47 90 12 38 21 32 54 64 56 7 8 42 37 79 5 85 74 67 96 18 9 33 91 69 40 93 24 36 53 26 81 86 52 59 44 98 71 84 77 66 17 76 95 49 51 3 43 23 39 13 16 99 83 28 10 1 34 87 48 60 88 70 61 80 72 62 15 55 19 82 14 6 11 75 57 0 73 20 63 31 22 78 46 25 94 68 35 58 27 50 97 45 2 29 
56 65 79 29 64 8 4 41 89 96 9 12 47 7 92 59 53 24 74 44 90 98 49 32 40 54 86 38 21 91 16 37 26 39 5 83 67 81 42 69 66 48 34 51 71 33 85 87 13 36 43 18 61 93 55 84 3 62 19 52 14 95 76 1 77 60 10 57 11 70 75 63 6 88 22 72 82 15 31 17 73 0 20 80 23 99 94 28 27 35 46 58 78 97 50 68 25 45 2 30 
11 57 75 62 94 63 6 58 97 20 73 35 61 87 0 22 34 50 55 27 68 82 83 48 14 39 19 16 98 44 46 53 24 72 49 15 2 51 13 96 45 60 70 78 43 9 25 59 79 7 64 88 80 56 71 30 4 41 47 89 8 67 65 29 37 32 12 92 21 74 86 40 38 90 54 26 91 42 85 66 81 5 18 69 93 33 36 3 84 52 95 1 17 76 10 77 23 99 28 31 
37 67 47 21 89 41 4 38 29 85 42 7 92 65 71 90 64 18 30 93 54 43 51 56 13 12 96 24 17 79 5 53 88 33 60 8 70 44 23 80 9 98 52 36 39 69 74 99 28 77 15 72 91 16 59 34 83 87 40 76 84 49 81 78 26 95 82 86 25 48 62 0 66 6 3 61 46 73 20 75 11 10 1 57 55 31 19 14 63 68 45 22 2 50 94 97 58 35 27 32 
36 5 52 77 69 76 54 84 95 90 99 92 3 91 28 93 12 18 42 38 23 10 81 17 1 85 74 29 26 65 21 40 66 86 89 30 41 8 32 47 4 37 56 67 64 79 7 9 96 59 24 53 71 44 49 98 51 43 16 13 39 83 34 48 87 60 88 70 80 61 55 72 62 15 19 14 82 57 11 6 75 63 0 22 73 20 31 78 46 25 94 27 35 58 68 50 97 45 2 33 
87 39 62 83 16 61 11 75 98 44 57 6 31 48 73 20 53 24 0 63 55 82 22 94 14 19 58 97 96 35 50 49 51 68 72 13 27 46 15 9 7 64 43 79 60 59 70 56 88 71 78 80 25 2 4 30 45 41 47 89 8 65 67 29 37 32 92 12 21 74 38 86 40 90 54 26 91 42 85 5 81 66 18 69 93 33 36 3 52 84 95 17 76 1 77 10 23 99 28 34 
94 58 27 63 22 57 97 31 11 55 62 75 14 61 19 50 6 20 48 73 87 34 0 83 68 16 39 82 98 44 49 46 53 24 72 2 96 59 15 9 45 51 13 79 60 78 70 25 43 64 56 7 88 80 71 30 4 8 41 47 89 65 29 67 37 32 12 86 74 92 40 21 26 38 90 91 54 66 81 42 85 5 69 18 33 93 36 3 84 1 95 10 52 76 77 17 23 99 28 35 
33 76 84 69 5 95 52 77 54 3 10 90 91 1 81 99 12 92 28 74 26 66 93 23 18 42 38 17 40 65 85 29 86 21 8 30 89 41 47 4 32 56 37 64 79 67 7 9 96 59 24 53 49 44 98 71 16 51 39 43 83 13 48 34 87 60 88 61 70 55 19 80 14 62 72 15 57 82 11 63 75 6 22 0 73 31 20 78 94 46 25 27 35 58 68 97 50 45 2 36 
67 32 47 21 89 41 4 71 38 7 29 85 42 64 43 18 92 51 65 13 90 30 93 88 60 70 54 80 24 56 96 53 79 17 44 12 15 72 98 39 5 9 23 8 33 78 52 16 34 87 28 83 99 25 82 36 74 69 77 59 49 91 46 0 6 73 62 40 76 84 20 48 61 75 81 11 26 95 86 57 31 45 68 55 66 2 3 63 19 14 50 10 22 1 94 97 58 35 27 37 
42 21 85 90 18 92 93 54 32 29 89 47 41 37 17 65 4 5 33 67 23 52 12 36 77 99 28 30 69 7 64 76 84 91 74 95 56 8 81 71 79 40 26 96 3 86 10 9 24 66 1 43 53 51 13 44 98 59 88 60 39 70 49 80 16 83 34 72 87 15 48 82 61 78 62 6 0 25 73 55 75 11 20 46 19 57 14 31 63 22 68 94 50 45 2 97 58 35 27 38 
34 87 98 16 44 83 24 53 62 61 48 11 75 57 6 96 31 73 55 20 0 82 63 49 14 19 51 22 64 7 9 79 13 94 72 56 43 58 59 35 97 15 50 68 46 60 27 70 71 4 30 88 41 80 47 78 89 25 8 2 45 65 29 67 37 32 92 12 21 74 38 86 40 90 54 26 91 42 85 5 81 66 18 69 93 33 36 3 52 84 95 17 76 77 1 10 23 99 28 39 
74 86 26 66 91 81 12 8 3 69 1 65 10 5 92 30 95 84 54 36 29 33 56 90 76 79 9 59 52 41 89 77 4 96 64 38 47 49 42 21 7 53 18 24 85 32 93 44 99 98 28 17 16 23 37 83 48 67 39 19 55 14 34 61 87 71 51 62 13 43 22 63 57 11 75 31 6 27 94 60 73 82 20 70 0 35 72 88 15 58 80 97 46 50 68 78 25 2 45 40 
4 89 47 29 7 64 32 30 65 37 21 67 92 56 38 96 79 90 24 53 12 71 8 54 9 42 85 44 51 98 43 13 18 39 59 74 5 93 16 49 83 33 60 91 40 34 88 70 87 69 80 86 36 26 72 17 81 52 15 48 61 62 77 82 23 84 66 76 95 6 99 0 55 75 11 73 28 3 20 57 78 19 14 31 46 63 25 10 1 22 94 68 50 58 97 35 27 45 2 41 
85 18 38 93 21 90 17 54 92 23 32 33 52 99 28 29 5 89 77 37 47 41 36 67 65 4 69 12 76 84 30 95 91 7 64 74 81 8 3 56 40 71 26 10 1 79 66 96 86 43 9 24 51 53 13 44 98 59 88 60 70 80 39 49 16 83 15 72 34 87 48 78 82 61 62 25 6 0 73 75 55 11 46 20 19 57 14 31 63 22 68 94 45 50 2 97 58 35 27 42 
13 51 60 71 70 88 80 15 72 78 7 25 82 46 67 24 39 87 0 37 64 34 44 53 47 73 98 4 6 20 41 32 89 96 75 16 45 83 62 68 11 2 31 50 61 57 79 56 30 48 29 9 21 97 63 49 55 65 94 58 22 14 19 38 59 35 92 85 8 42 27 90 18 12 54 93 74 5 17 40 33 91 86 69 23 26 36 52 81 77 99 28 66 84 76 95 3 10 1 43 
98 53 24 16 39 83 96 34 87 48 49 9 61 79 64 62 7 56 55 59 57 11 19 14 75 6 63 31 51 73 22 20 30 0 82 13 4 43 94 41 72 47 89 35 58 71 15 8 60 27 97 70 65 50 68 29 46 88 80 32 67 37 78 25 12 92 2 45 21 74 86 40 38 90 54 26 91 42 85 81 5 66 18 69 33 93 36 3 84 52 95 76 1 17 77 10 23 99 28 44 
2 46 25 78 68 15 72 82 0 50 73 70 20 60 80 6 88 75 13 97 51 11 43 31 87 62 34 57 58 71 39 94 35 63 61 83 16 98 44 22 24 53 55 27 48 7 14 19 64 96 67 49 37 4 47 79 41 9 56 89 32 59 30 29 21 65 8 38 92 85 42 90 12 18 54 74 93 40 86 5 91 17 26 33 81 69 23 66 36 52 77 99 28 84 76 95 3 1 10 45 
82 2 72 68 45 15 0 78 25 73 20 6 50 60 70 75 80 88 13 11 51 87 31 43 97 34 62 57 39 58 94 71 61 63 83 35 16 98 44 24 53 22 48 55 7 27 14 19 96 64 49 67 4 79 9 47 37 41 56 89 59 32 30 29 65 21 8 92 38 12 85 90 42 54 74 18 40 93 86 5 91 26 33 81 17 69 66 36 52 23 77 84 99 76 28 95 3 1 10 46 
89 41 4 32 29 37 7 67 64 21 65 30 38 92 71 56 90 96 42 85 79 24 54 51 53 43 12 13 18 8 9 44 98 93 39 5 60 88 70 74 16 59 33 80 83 49 34 87 17 72 91 15 69 40 36 52 23 86 26 48 81 82 77 62 61 84 99 78 76 28 6 0 73 95 66 75 11 20 25 55 46 57 3 31 19 14 63 10 22 1 68 94 50 45 97 58 2 35 27 47 
55 61 83 19 14 16 22 63 62 49 98 34 57 39 87 44 53 94 31 11 24 27 75 35 59 96 9 58 6 20 73 79 97 0 56 82 64 50 7 68 51 30 13 72 46 8 15 43 4 60 41 70 71 65 89 47 88 29 78 80 2 45 25 12 86 32 74 67 37 40 92 26 21 91 90 38 66 54 81 5 42 85 69 33 18 3 36 93 84 1 95 10 52 76 77 17 23 99 28 48 
59 9 48 16 83 96 79 98 53 44 19 24 56 55 14 61 39 34 87 22 64 62 63 8 30 57 7 11 31 94 27 75 35 6 4 65 58 20 73 41 0 29 89 82 97 51 47 86 12 13 74 40 50 43 72 68 92 71 15 26 60 46 32 70 91 66 37 67 88 81 80 90 54 21 38 78 5 25 2 69 45 42 3 33 85 36 1 84 18 10 95 76 93 52 77 17 23 99 28 49 
68 97 20 73 0 6 75 31 11 58 82 57 46 94 62 35 63 87 2 34 45 61 22 72 27 15 39 55 83 16 78 14 25 48 19 98 60 44 70 13 51 24 53 80 43 88 49 96 71 7 64 9 79 59 56 4 41 30 47 89 67 37 32 8 29 65 21 92 12 38 74 90 86 40 85 54 42 26 91 18 5 81 66 93 69 33 36 17 52 3 84 95 76 77 23 1 10 99 28 50 
13 43 60 70 71 88 72 15 80 7 82 78 39 24 87 46 25 34 0 44 53 98 64 73 6 20 67 4 16 47 75 83 96 62 37 11 41 68 89 32 45 31 2 61 57 50 79 56 48 9 30 63 97 49 55 29 94 58 21 22 14 19 65 59 35 38 27 92 8 85 42 90 12 54 18 93 74 5 40 86 91 33 17 26 69 81 36 52 23 66 77 99 84 28 76 95 3 1 10 51 
77 33 36 76 99 5 84 69 28 54 95 23 90 17 93 18 42 92 38 85 3 10 91 1 12 81 21 29 74 65 26 66 40 89 32 86 41 47 30 4 8 37 67 56 64 7 79 96 9 59 24 71 53 44 49 98 43 51 13 16 39 83 88 60 34 70 48 87 80 61 72 15 62 55 19 14 82 6 11 57 75 0 78 73 63 20 22 31 25 46 94 27 35 68 58 50 97 45 2 52 
24 44 98 96 16 39 83 79 9 64 34 49 87 56 7 48 61 59 62 30 55 4 19 51 14 57 11 75 6 41 13 63 31 22 73 82 20 43 0 47 89 8 65 94 71 72 29 15 60 35 70 58 27 97 88 50 46 32 68 67 37 80 12 92 78 74 21 25 86 40 38 90 2 45 54 91 26 42 85 5 81 66 18 69 33 93 36 3 84 52 95 76 1 17 77 10 23 99 28 53 
90 5 92 33 36 69 38 12 52 42 29 77 18 65 84 76 93 85 91 21 95 74 81 17 99 89 23 3 41 28 30 40 26 47 32 4 10 8 1 66 86 37 56 64 67 7 79 96 9 59 24 53 71 44 98 49 51 43 13 16 39 83 34 87 48 60 88 70 80 61 72 15 62 55 19 14 82 6 11 57 75 0 73 63 20 22 31 78 46 25 94 27 35 68 58 50 97 45 2 54 
14 19 48 22 61 63 57 83 62 94 27 16 35 31 34 11 87 58 49 39 75 98 44 6 97 53 20 73 24 59 0 9 96 50 82 79 68 56 64 46 7 51 72 13 15 30 43 8 60 70 4 2 41 45 78 71 88 80 25 47 89 65 29 86 12 67 74 32 37 40 92 26 21 91 90 66 38 81 54 5 42 69 85 33 18 3 36 93 1 84 95 10 52 76 77 17 23 99 28 55 
79 9 30 96 64 8 59 53 24 65 49 4 7 44 98 41 29 89 16 47 83 12 39 92 74 48 34 40 86 87 61 32 55 90 19 91 26 51 14 54 62 37 21 67 38 13 71 43 81 57 66 5 63 22 11 75 6 31 69 82 42 73 20 0 60 94 33 85 72 70 15 36 88 27 18 35 3 58 80 84 93 95 97 52 1 76 46 10 50 68 77 78 17 25 23 99 28 2 45 56 
31 62 11 63 94 75 61 22 58 35 6 55 87 34 97 20 73 48 14 19 83 27 0 16 39 50 82 98 68 44 53 24 49 46 72 96 15 51 9 13 59 79 2 60 43 45 64 70 7 78 56 25 88 80 71 30 4 41 8 47 89 65 29 67 37 32 12 92 74 86 21 40 38 90 26 54 91 66 42 81 85 5 18 69 33 93 36 3 84 52 95 1 76 10 17 77 23 99 28 57 
35 94 97 31 63 57 27 11 22 75 62 50 20 6 61 55 73 14 19 0 68 87 34 48 83 82 16 39 98 46 44 53 49 24 2 72 15 45 96 51 13 59 9 78 60 25 70 43 79 64 7 88 80 56 71 30 4 41 8 47 89 65 67 29 37 32 12 92 86 74 40 21 38 90 26 91 54 66 81 42 85 5 18 69 33 93 36 3 84 1 95 52 10 76 17 77 23 99 28 58 
9 49 79 56 96 53 8 98 44 16 48 24 83 30 64 19 14 55 39 61 34 65 7 87 22 86 62 4 63 74 41 40 12 29 57 89 11 47 31 27 94 75 26 92 35 6 91 66 58 20 51 73 81 0 13 82 43 97 32 90 54 71 37 50 5 72 67 21 38 15 69 60 68 70 3 46 88 33 36 80 1 42 10 84 95 85 78 76 18 25 52 93 2 77 45 17 99 23 28 59 
70 88 80 15 13 43 72 51 78 71 25 46 82 0 45 73 2 6 20 7 87 39 68 34 24 75 67 44 11 98 53 62 50 37 64 16 31 83 47 4 57 41 96 32 61 89 97 48 63 94 58 79 56 55 9 22 30 35 49 21 29 14 19 65 27 59 38 92 8 85 42 90 18 12 54 93 74 5 17 40 86 33 91 23 69 26 36 52 81 77 28 99 66 84 76 95 3 10 1 60 
48 55 62 63 57 83 14 16 22 19 34 87 31 11 39 94 75 98 35 44 6 27 58 20 53 73 49 97 24 0 82 50 96 9 59 68 79 64 56 46 51 72 7 13 15 43 60 70 30 2 78 4 88 71 45 8 80 25 41 47 89 65 29 67 32 37 12 92 74 86 40 21 38 26 90 91 54 66 81 42 5 85 69 18 33 36 93 3 84 1 95 52 10 76 77 17 23 99 28 61 
57 11 75 31 87 34 61 63 6 20 83 39 73 94 16 55 48 22 0 58 35 97 14 19 98 82 44 50 27 53 68 24 49 46 72 96 51 15 13 9 59 79 43 60 64 7 70 2 56 78 45 88 25 80 71 30 4 41 47 89 8 65 29 67 37 32 12 92 21 74 86 40 38 90 54 26 91 42 85 66 81 5 18 69 93 33 36 3 84 52 95 1 17 76 10 77 23 99 28 62 
22 94 57 61 55 35 31 62 14 58 27 19 11 48 75 97 34 87 83 6 16 20 73 39 0 50 98 44 82 68 49 53 24 96 46 59 9 72 79 15 51 13 64 56 2 7 43 60 45 70 78 25 88 80 30 71 4 8 41 47 89 65 29 67 37 32 12 86 74 92 40 21 26 38 90 91 54 66 81 42 5 85 69 18 33 36 93 3 84 1 95 10 52 76 77 17 23 99 28 63 
7 96 4 56 30 79 24 41 53 89 47 44 9 98 29 65 39 16 8 59 32 83 49 51 71 37 67 34 13 43 87 92 48 12 21 61 38 62 90 60 70 74 55 72 88 54 82 15 6 11 75 19 57 14 0 73 80 20 40 42 31 63 85 86 22 91 5 26 18 46 94 78 81 69 93 33 68 58 35 66 25 50 97 27 36 52 84 17 3 95 76 45 2 77 23 1 10 99 28 64 
29 30 92 12 41 89 4 8 56 90 47 54 64 74 79 38 7 5 21 91 96 40 32 9 86 26 69 42 81 33 37 59 85 24 36 53 67 66 18 44 93 84 52 98 49 95 3 76 77 16 1 39 10 71 83 17 51 43 99 23 13 34 48 28 87 61 55 60 62 19 70 14 88 72 80 15 57 11 82 75 6 63 22 73 0 31 20 94 78 46 27 35 58 25 68 97 50 45 2 65 
26 81 40 91 86 74 3 1 10 12 69 95 84 5 8 36 76 33 54 65 92 90 30 52 29 77 56 79 59 9 38 89 41 4 64 96 42 99 47 18 49 21 93 85 28 23 17 7 32 53 24 44 98 37 16 83 67 48 39 19 14 55 61 34 87 71 51 62 22 13 43 63 57 11 75 31 27 6 94 60 73 82 70 20 0 35 88 72 15 58 80 97 50 46 68 78 25 2 45 66 
37 32 47 21 71 89 41 4 7 38 43 29 85 64 51 13 42 88 92 18 65 60 70 80 30 90 93 24 96 56 54 53 15 72 79 44 98 17 39 12 78 9 8 25 5 34 87 23 16 82 33 83 52 46 0 28 59 99 49 74 6 36 73 69 77 62 20 75 91 61 48 11 40 76 84 57 45 31 68 81 2 26 86 95 55 63 50 19 14 66 22 3 94 97 58 10 1 35 27 67 
50 0 20 73 46 82 6 97 75 11 2 31 45 58 62 57 72 15 87 94 34 35 25 78 63 61 39 60 70 22 13 51 83 27 16 80 55 88 43 48 98 14 44 19 24 53 71 7 96 49 64 9 79 59 56 4 41 47 67 30 89 37 32 29 8 65 21 92 38 12 90 74 85 42 86 40 54 18 91 26 93 5 81 66 33 69 36 17 52 84 3 23 77 95 76 99 1 28 10 68 
36 5 84 95 33 76 3 91 81 54 10 52 1 77 12 90 26 74 66 92 40 86 65 99 29 38 42 28 18 93 23 8 17 85 30 21 89 41 4 47 56 32 79 64 37 9 7 96 67 59 24 53 49 44 98 71 16 83 39 51 43 13 48 34 87 61 55 19 14 60 88 70 62 80 72 15 57 22 63 11 75 82 6 31 73 0 20 94 78 27 46 35 58 25 97 68 50 45 2 69 
60 88 80 15 72 13 43 51 78 25 71 46 82 0 45 2 73 6 20 7 87 68 39 34 24 75 67 44 11 98 50 62 53 37 64 31 16 83 47 4 57 41 32 96 61 89 97 63 48 94 58 79 56 55 9 35 22 30 21 29 49 14 19 65 27 59 38 92 85 8 42 90 18 12 54 93 74 5 17 40 33 86 91 23 69 26 52 36 81 28 77 99 66 84 76 95 3 10 1 70 
43 13 51 88 60 70 80 67 7 37 15 72 47 32 4 78 41 64 89 24 25 82 39 53 44 46 98 87 96 34 21 0 29 73 6 16 30 20 83 56 79 75 62 45 38 65 11 2 68 9 61 85 31 92 57 42 48 50 49 90 18 59 63 55 8 97 94 93 54 14 19 22 12 58 35 27 17 5 74 33 23 40 91 69 52 36 86 26 28 99 77 81 84 76 66 95 3 10 1 71 
15 60 70 78 13 46 80 88 82 25 51 43 0 73 45 6 20 2 68 71 87 75 34 39 50 11 62 31 24 44 98 7 57 53 83 16 97 61 64 63 58 94 96 48 67 35 55 4 22 37 47 41 14 19 89 79 32 49 9 56 27 30 59 29 21 65 8 38 92 85 42 90 12 18 54 93 74 40 86 5 91 17 33 26 69 81 36 23 52 66 77 99 84 28 76 95 3 1 10 72 
20 0 6 75 82 11 68 50 31 62 87 57 97 34 46 58 94 39 63 61 72 15 35 83 16 22 2 55 98 45 48 44 51 13 78 60 27 70 14 25 24 19 53 43 88 80 96 49 71 7 64 9 79 59 56 4 41 47 30 89 67 37 32 8 29 65 21 92 12 38 74 90 86 40 85 54 42 91 26 18 5 93 81 66 69 33 36 17 52 3 84 95 77 76 23 1 10 99 28 73 
40 26 91 86 12 81 66 8 65 69 3 5 92 30 54 1 10 29 36 95 84 90 33 56 76 79 9 59 52 89 41 4 64 38 77 96 47 42 21 49 7 18 85 32 93 53 24 99 44 98 17 28 37 23 16 67 83 39 48 34 61 19 55 87 14 71 51 43 13 62 22 63 57 11 75 31 60 6 70 82 94 88 73 27 72 20 0 15 80 35 58 97 46 50 78 68 25 2 45 74 
11 6 31 20 73 62 57 0 87 34 97 50 94 63 82 58 61 68 35 39 22 83 55 16 48 46 14 27 19 98 44 72 53 24 15 51 13 2 45 60 49 70 78 43 96 25 88 80 7 9 64 79 59 71 56 4 30 41 47 89 67 8 37 65 29 32 21 92 12 74 38 86 40 90 54 42 85 26 91 81 5 66 18 93 69 33 36 3 52 84 17 95 76 1 77 10 23 99 28 75 
84 95 36 69 33 77 52 5 3 10 1 54 99 91 81 90 28 12 26 92 23 66 74 17 93 18 40 42 38 85 86 65 29 21 8 30 89 41 32 47 4 56 37 64 79 67 7 9 96 59 24 53 49 44 98 71 16 51 39 43 83 13 48 34 87 61 60 88 70 55 19 14 80 62 72 15 57 82 11 22 63 75 6 0 73 31 20 78 94 46 27 25 35 58 68 97 50 45 2 76 
52 33 76 36 99 84 28 5 95 69 23 54 17 90 93 18 42 3 10 92 85 38 1 91 81 12 21 74 26 29 65 66 40 89 86 32 41 47 30 8 4 37 67 56 64 7 79 96 9 59 24 71 53 44 49 98 43 51 13 16 39 83 88 60 34 70 48 87 80 61 72 15 55 62 19 14 82 6 11 57 75 0 78 73 63 20 22 31 25 46 94 27 35 68 58 50 97 45 2 77 
25 15 72 80 70 60 88 46 45 2 13 82 43 51 0 68 71 73 20 6 50 75 87 11 34 39 62 31 97 7 57 24 44 98 53 83 16 61 67 58 94 63 64 37 35 48 96 47 4 22 55 41 32 89 14 19 27 79 56 9 49 30 21 29 59 65 38 92 8 85 42 90 18 12 54 93 74 5 17 40 86 91 33 23 26 69 36 52 81 66 28 99 77 84 76 95 3 1 10 78 
56 9 96 59 30 64 53 49 24 8 44 98 7 16 65 4 83 41 39 29 89 48 47 34 12 87 61 55 74 92 19 14 62 86 40 51 32 57 63 13 22 11 26 43 91 75 71 90 37 67 31 6 54 21 38 73 20 82 81 0 94 66 5 27 60 72 35 70 15 58 69 88 42 97 85 80 33 50 36 46 68 18 3 84 78 93 95 1 52 10 76 25 77 17 2 45 23 99 28 79 
88 70 60 15 78 43 72 13 25 51 71 46 82 45 2 0 73 6 7 20 68 67 87 39 34 37 24 75 50 11 44 98 53 62 64 47 4 32 31 16 83 41 89 57 96 97 61 63 48 94 58 79 21 56 55 30 9 29 35 22 49 14 19 65 38 27 59 85 92 42 8 90 18 93 12 54 17 74 5 33 40 23 91 86 69 52 36 26 28 81 99 77 66 84 76 95 3 10 1 80 
91 26 66 40 3 74 1 86 10 69 12 95 84 5 36 76 33 54 8 92 65 90 52 77 29 30 56 38 79 89 42 99 41 18 4 9 59 93 21 85 28 47 64 23 17 96 32 7 49 53 24 37 44 67 98 16 83 39 48 71 34 19 61 55 87 14 51 43 13 62 22 63 57 11 60 75 31 70 6 88 82 72 94 73 27 15 20 0 80 35 58 97 46 78 50 68 25 45 2 81 
0 73 20 6 46 68 72 75 15 11 50 87 34 62 31 39 13 60 51 78 57 70 2 97 25 45 43 88 80 61 83 58 16 94 63 98 44 24 35 53 48 22 55 71 14 19 7 27 96 64 49 9 79 56 4 59 41 47 67 89 37 30 32 29 65 8 21 92 38 12 90 85 42 74 54 40 86 18 93 91 26 5 81 33 66 69 17 36 52 23 84 77 3 95 76 99 28 1 10 82 
16 98 39 48 61 44 34 87 53 62 55 24 49 19 57 14 63 11 96 22 75 31 9 6 94 20 59 79 73 0 35 58 64 27 82 56 7 97 51 50 13 68 72 30 43 15 46 4 60 41 8 70 71 47 89 88 65 80 78 29 25 2 45 67 32 37 12 92 74 86 40 21 38 90 26 91 54 66 81 42 5 85 69 18 33 93 36 3 84 95 52 1 76 10 77 17 23 99 28 83 
95 76 36 69 33 5 3 10 52 77 1 91 81 54 90 26 66 12 99 74 92 40 28 23 86 93 17 18 42 38 65 29 85 8 21 30 89 41 4 47 32 56 79 64 37 9 67 7 96 59 24 53 49 44 98 71 16 39 83 51 43 13 48 34 87 61 55 19 60 14 88 70 62 80 72 15 57 22 63 11 82 75 6 31 73 0 20 94 78 27 46 35 25 58 97 68 50 45 2 84 
42 18 93 38 21 17 90 23 32 54 92 37 28 99 29 89 52 33 47 67 5 77 41 4 65 36 69 12 76 84 30 95 7 64 91 74 71 81 56 8 3 40 26 79 10 96 1 43 66 51 86 24 13 9 53 88 44 60 98 70 80 59 39 49 16 15 72 83 34 87 78 82 48 25 61 62 0 6 73 46 75 20 11 55 57 19 14 31 63 22 68 45 2 94 50 97 58 35 27 85 
40 26 74 66 91 81 8 12 3 1 69 65 10 30 5 56 92 95 84 59 54 79 36 29 9 33 90 76 96 49 64 41 89 4 52 77 38 47 53 7 24 44 42 21 98 32 18 16 85 83 93 48 99 39 37 28 17 19 23 14 55 67 61 34 87 62 22 51 63 71 57 13 43 11 31 75 27 94 6 35 73 20 82 0 60 58 70 72 88 15 80 97 50 46 68 78 25 2 45 86 
34 39 62 83 11 75 16 61 6 57 98 31 44 73 20 0 48 82 24 53 63 55 94 22 14 19 97 58 50 35 68 51 96 72 49 13 46 15 27 43 7 64 9 60 79 70 59 56 88 78 71 80 25 2 45 4 30 41 47 89 8 67 65 29 37 32 92 21 12 74 38 86 40 90 54 42 85 26 91 5 81 18 66 93 69 33 36 3 52 84 17 95 76 77 1 10 23 99 28 87 
80 70 60 43 13 15 72 51 78 71 25 46 82 45 2 0 7 67 73 6 20 87 39 68 37 34 24 75 44 64 53 98 47 11 50 4 62 32 41 16 83 89 31 96 57 61 97 48 79 63 21 56 94 58 30 29 9 55 22 35 49 14 19 65 38 59 27 85 92 42 8 90 18 93 12 54 74 17 5 33 40 23 91 86 69 52 36 26 81 28 99 77 66 84 76 95 3 10 1 88 
41 47 4 29 32 65 7 64 30 21 37 92 67 38 56 90 96 79 42 54 85 12 71 24 8 53 18 9 44 51 43 93 98 5 13 74 33 39 59 91 16 69 40 49 83 60 36 17 88 70 52 34 87 86 26 81 80 77 23 72 15 84 48 76 66 99 95 28 61 62 82 3 6 0 73 75 55 11 78 20 57 10 1 19 14 31 46 25 63 22 94 68 50 58 97 35 45 27 2 89 
54 92 38 5 42 33 29 18 85 21 65 12 93 36 52 69 77 89 41 17 84 76 32 47 91 4 99 23 95 30 74 28 81 37 40 8 3 26 67 64 10 56 66 1 86 7 79 96 9 24 53 71 59 44 98 49 51 43 13 39 16 83 60 88 34 70 87 48 80 72 15 61 62 55 82 19 14 6 11 75 57 0 73 78 20 63 31 22 25 46 94 68 35 27 58 50 97 45 2 90 
81 26 74 40 66 12 69 3 86 5 1 10 95 84 36 54 33 76 8 92 65 90 52 29 30 77 56 38 89 79 41 42 4 18 9 99 21 93 47 59 85 64 28 96 17 23 32 7 49 53 37 24 67 44 98 16 83 39 48 71 34 51 87 61 19 55 14 43 13 62 22 63 57 60 11 70 75 88 31 6 72 82 15 80 73 0 20 94 27 35 58 97 46 78 50 68 25 45 2 91 
90 54 29 65 12 38 5 89 21 41 42 30 33 4 47 69 85 18 74 36 32 91 93 8 52 40 81 84 56 64 77 76 26 37 95 7 17 67 86 79 3 66 99 23 96 28 9 10 1 24 53 59 44 71 98 49 51 43 39 16 13 83 34 87 48 60 88 70 61 80 72 62 15 55 19 14 82 6 11 57 75 0 73 63 20 31 22 78 46 25 94 27 35 68 58 50 97 45 2 92 
18 42 85 17 23 38 28 99 90 21 52 54 77 33 92 5 36 32 29 76 69 37 89 84 47 67 65 41 95 12 4 91 30 3 74 81 10 7 64 1 26 40 8 56 66 71 86 79 96 43 9 24 51 53 13 44 59 88 98 60 70 80 39 49 16 83 15 72 34 87 48 78 82 61 25 62 6 0 73 46 55 75 11 20 19 57 14 31 63 22 68 45 94 50 2 97 58 35 27 93 
35 58 63 57 31 22 27 97 11 62 75 61 55 14 19 6 20 50 48 73 87 34 0 83 16 68 39 82 98 44 49 53 46 24 72 96 15 59 2 9 51 45 13 79 60 78 43 70 64 25 56 7 88 80 71 30 4 8 41 47 89 65 29 67 37 32 12 86 74 92 40 21 38 26 90 91 54 66 81 42 85 5 69 18 33 93 36 3 84 1 95 52 10 76 17 77 23 99 28 94 
84 76 69 36 3 10 1 33 5 77 52 81 91 54 66 26 12 74 90 40 99 92 28 86 23 93 17 18 42 65 38 29 85 8 21 30 89 41 4 47 32 56 79 64 37 9 96 7 67 59 53 24 49 44 98 71 16 83 39 51 43 48 13 34 87 61 55 19 14 60 88 70 62 80 72 15 57 22 63 11 75 82 6 31 73 0 20 94 27 78 35 46 58 25 97 68 50 45 2 95 
79 53 9 24 56 64 44 98 49 59 16 30 7 83 39 4 48 34 8 41 87 65 89 61 47 29 55 62 19 51 14 13 57 11 43 63 75 22 12 6 71 31 32 92 73 82 20 0 37 67 74 94 72 60 15 40 86 70 21 27 35 88 58 90 38 97 80 54 91 26 46 50 68 81 78 5 66 42 85 25 69 18 33 36 2 45 93 3 84 95 52 76 1 10 77 17 23 99 28 96 
58 50 31 94 35 11 75 57 20 6 73 68 63 0 62 22 27 61 82 87 34 55 14 19 46 48 83 39 16 2 45 98 72 44 15 53 24 78 25 51 13 49 60 70 43 96 80 88 9 59 7 79 64 71 56 4 30 41 47 89 8 67 37 65 29 32 92 12 21 74 86 40 38 90 54 26 91 42 85 66 81 5 18 69 93 33 36 3 84 52 95 17 1 76 10 77 23 99 28 97 
44 53 16 24 39 83 34 96 87 48 61 49 9 62 79 64 55 56 7 59 57 19 11 14 75 63 6 31 22 73 20 51 0 82 30 13 94 4 43 41 35 58 72 27 97 15 47 8 89 71 60 50 70 68 46 65 29 88 80 78 32 67 37 25 12 92 2 45 74 21 86 40 38 90 54 26 91 42 85 81 66 5 18 69 33 93 36 3 84 52 95 76 1 10 17 77 23 99 28 98 
28 23 17 77 52 93 33 18 36 76 42 85 5 54 84 90 95 69 38 92 21 3 10 12 1 91 29 81 32 65 89 74 26 47 37 41 66 40 4 67 30 86 8 64 7 56 79 96 71 9 24 53 59 43 51 44 13 98 49 88 39 60 16 70 80 83 34 87 72 15 48 61 62 82 78 55 19 6 14 25 0 11 73 75 57 20 46 31 63 22 94 68 50 45 35 58 27 97 2 99 