1
76
538
1 22 22
2 36 26
3 21 45
4 45 35
5 55 20
6 33 34
7 50 50
8 55 45
9 26 59
10 40 66
11 55 65
12 35 51
13 62 35
14 62 57
15 62 24
16 21 36
17 33 44
18 9 56
19 62 48
20 66 14
21 44 13
22 26 13
23 11 28
24 7 43
25 17 64
26 41 46
27 55 34
28 35 16
29 52 26
30 43 26
31 31 76
32 22 53
33 26 29
34 50 40
35 55 50
36 54 10
37 60 15
38 47 66
39 30 60
40 30 50
41 12 17
42 15 14
43 16 19
44 21 48
45 50 30
46 51 42
47 50 15
48 48 21
49 12 38
50 15 56
51 29 39
52 54 38
53 55 57
54 67 41
55 10 70
56 6 25
57 65 27
58 40 60
59 70 64
60 64 4
61 36 6
62 30 20
63 20 30
64 15 5
65 50 70
66 57 72
67 45 42
68 38 33
69 50 4
70 66 8
71 59 5
72 35 60
73 27 24
74 40 20
75 40 37
76 40 40
EOF
72 42 32 61 62 21 40 41 22 15 27 1 5 55 50 63 73 48 67 29 60 2 74 20 16 75 3 23 43 47 39 44 46 28 66 25 31 11 4 33 68 35 26 45 49 17 51 8 36 38 6 7 14 71 70 12 24 57 34 56 19 59 69 9 18 52 53 54 37 13 10 30 64 65 58 0 
29 67 73 61 5 72 27 32 74 3 47 0 20 44 50 75 21 28 62 15 16 46 66 4 33 60 25 26 42 45 51 2 35 41 11 22 39 14 36 40 68 7 43 48 6 12 56 31 55 63 34 70 19 8 18 23 53 57 71 38 69 52 59 49 9 13 17 37 24 10 64 30 54 58 65 1 
43 31 15 39 50 48 16 49 23 8 11 62 5 17 32 38 24 22 25 75 67 71 74 72 0 1 57 66 55 3 42 54 61 9 6 29 33 40 45 73 21 27 41 30 37 44 7 34 51 26 28 47 52 64 10 20 63 18 4 12 46 60 13 65 14 53 35 56 36 68 58 19 70 69 59 2 
74 33 44 66 67 75 29 45 51 26 28 5 25 1 7 47 16 6 50 73 12 4 34 11 14 32 18 27 39 46 61 72 20 56 53 15 52 36 57 62 0 2 35 43 71 13 21 31 38 19 60 8 9 37 68 10 42 48 70 69 22 64 59 41 49 40 58 23 65 24 55 17 63 30 54 3 
28 36 46 47 14 35 44 56 19 20 29 26 73 69 70 12 68 3 51 59 1 27 33 67 45 74 53 60 66 7 61 75 5 72 18 6 21 25 32 34 50 0 16 62 11 52 13 15 39 42 41 2 40 57 63 43 10 22 71 58 31 37 38 48 9 8 55 64 65 23 49 17 24 30 54 4 
67 50 74 1 32 75 16 3 15 72 29 25 61 62 66 0 2 39 73 11 44 27 33 43 45 47 28 48 51 21 26 31 6 22 42 20 7 46 4 8 38 71 34 40 41 57 23 49 55 60 12 14 18 35 52 9 17 36 56 24 63 68 37 53 13 10 19 70 64 30 69 54 59 65 58 5 
34 7 45 52 66 25 33 18 51 13 57 75 11 3 10 37 74 26 16 71 9 12 53 39 44 64 67 38 5 65 28 50 58 29 8 56 1 31 2 14 43 47 4 15 30 32 73 46 72 24 36 49 61 62 20 27 19 0 35 48 17 21 23 22 54 69 42 60 68 70 59 40 41 55 63 6 
34 45 6 33 51 18 66 26 12 52 53 3 13 25 44 75 74 28 10 11 56 57 67 14 16 29 37 58 4 5 39 47 64 71 9 1 50 65 38 73 36 46 8 19 32 2 20 31 43 15 27 35 61 72 62 30 69 0 70 49 68 24 59 21 60 48 17 22 42 23 40 41 54 55 63 7 
38 31 71 24 39 49 11 43 57 2 9 16 17 30 54 25 50 37 15 75 23 48 66 5 6 64 74 52 67 10 32 34 45 62 3 33 7 1 22 65 51 72 13 0 29 18 26 44 55 61 42 73 28 12 27 40 47 58 53 21 41 4 20 14 46 56 60 63 35 36 19 68 70 69 59 8 
57 37 71 64 38 30 10 8 11 52 65 6 39 25 31 34 16 24 13 66 7 43 45 75 49 2 18 33 50 74 54 58 3 51 5 17 67 26 15 44 53 12 1 23 29 32 48 62 28 72 47 56 73 14 61 0 4 22 27 46 20 42 55 21 36 40 19 35 41 60 68 69 70 59 63 9 
64 65 37 52 13 9 34 58 6 57 18 7 71 45 11 25 33 38 66 30 51 53 39 75 8 16 12 26 3 74 31 44 67 50 5 24 43 2 28 56 29 49 14 1 4 15 47 54 32 17 73 62 36 46 72 48 61 19 20 23 27 0 35 22 69 21 42 70 68 59 60 55 40 41 63 10 
39 16 25 71 38 57 8 75 31 50 66 43 2 6 74 9 5 45 67 3 33 37 34 7 15 49 52 24 51 10 32 64 1 30 17 26 29 44 48 62 18 13 72 23 28 65 12 54 61 73 0 22 47 53 27 4 42 58 14 56 20 21 46 55 40 41 36 35 60 19 68 63 70 69 59 11 
26 53 51 56 14 7 18 28 33 44 45 3 4 34 66 6 36 47 19 29 13 74 46 52 75 25 67 35 69 73 1 20 5 16 58 70 10 11 59 27 50 57 68 37 39 61 32 64 65 71 72 9 60 15 38 0 2 21 62 8 43 31 42 48 22 30 41 49 40 24 23 63 17 55 54 12 
52 18 34 10 58 6 7 65 37 53 64 45 33 51 12 57 66 9 25 26 71 3 11 75 44 56 74 16 38 14 28 39 67 8 29 30 5 4 50 47 1 31 36 43 2 19 73 46 15 24 32 49 20 35 72 27 61 69 62 70 0 17 48 59 54 68 21 23 60 22 42 40 41 55 63 13 
56 4 36 28 12 19 26 44 47 46 35 51 69 53 29 70 3 33 59 20 45 7 73 68 18 66 1 67 74 34 75 27 6 25 5 60 61 13 52 16 72 32 50 11 21 0 39 58 10 57 62 15 37 71 2 42 9 38 41 43 64 65 31 8 40 22 63 48 55 49 23 24 30 17 54 14 
62 2 32 48 50 5 43 22 72 0 16 23 31 39 67 1 42 61 55 74 75 11 40 49 25 17 41 3 8 21 27 29 66 73 38 24 71 33 44 45 47 57 6 63 20 28 51 26 60 7 9 46 54 34 4 37 52 12 30 35 14 18 68 36 10 56 64 13 53 70 19 65 69 59 58 15 
50 11 39 25 75 5 74 2 66 67 43 15 31 3 38 71 8 32 33 57 1 6 45 62 29 72 7 44 48 49 51 9 34 26 61 0 73 23 24 28 37 52 17 22 47 27 18 10 12 42 64 13 21 30 4 20 55 40 46 53 14 41 54 56 65 60 35 36 58 63 68 19 70 69 59 16 
49 24 23 31 43 54 2 8 48 38 39 15 11 50 71 16 22 62 30 55 57 32 5 9 25 75 0 74 67 72 42 37 40 66 1 6 3 41 61 64 33 45 29 21 34 52 7 10 27 51 73 44 26 63 65 28 47 13 18 20 12 60 4 46 53 14 58 56 35 36 68 19 70 69 59 17 
34 7 13 53 52 6 12 45 51 33 26 10 58 66 3 25 56 44 37 75 14 28 57 64 65 74 11 9 67 4 16 29 47 71 5 39 36 1 19 38 50 46 73 8 20 35 31 69 2 32 43 27 30 72 15 61 70 59 62 68 0 24 49 60 21 48 17 42 22 23 54 41 40 55 63 18 
36 69 59 14 70 4 35 56 46 28 47 68 12 20 26 44 29 51 53 73 3 27 33 60 1 45 7 18 67 66 74 61 75 34 5 6 21 72 25 13 32 52 0 16 50 11 62 15 42 58 39 41 10 63 57 40 2 37 71 43 22 9 38 64 31 48 65 8 55 23 49 24 17 30 54 19 
46 73 27 47 35 60 68 4 29 1 28 36 61 70 21 44 72 14 67 3 19 59 69 0 5 26 32 74 56 51 75 12 33 41 42 62 66 45 50 63 40 15 16 25 7 22 53 6 2 11 18 34 39 55 48 43 52 31 57 13 23 71 8 38 49 9 10 37 17 58 64 24 65 30 54 20 
61 27 0 41 72 42 60 63 40 1 32 73 20 62 22 29 5 47 55 67 15 46 50 68 35 74 3 28 44 48 4 75 2 16 36 70 43 66 23 25 26 33 39 14 45 51 11 59 19 31 69 56 12 7 6 49 8 17 34 38 71 57 18 53 24 52 9 13 37 54 10 64 30 58 65 21 
55 62 42 48 40 0 15 32 41 23 72 2 21 50 61 43 5 63 1 16 27 31 67 17 49 39 73 74 75 29 11 60 8 3 25 20 24 38 66 47 44 71 28 33 46 45 54 57 26 51 4 6 68 7 35 9 34 12 14 36 30 37 52 70 56 18 10 19 53 64 59 13 69 65 58 22 
48 17 2 43 49 15 22 31 55 62 50 24 32 39 8 0 16 40 42 54 5 72 11 38 41 61 67 71 75 1 25 74 21 57 66 3 27 63 9 29 73 30 33 6 45 44 37 47 51 60 7 20 28 26 34 52 46 64 4 10 18 12 13 35 14 65 68 36 53 56 70 19 58 59 69 23 
49 54 8 17 31 38 43 30 71 2 39 11 9 23 57 16 48 15 50 25 37 75 5 62 64 74 6 22 32 66 67 10 52 3 34 45 33 55 65 72 0 1 7 42 51 13 29 61 40 44 18 26 41 73 27 21 28 47 58 12 53 4 20 46 63 14 56 60 35 36 68 19 70 69 59 24 
66 75 11 16 74 6 33 45 3 39 67 5 7 50 57 34 51 71 26 38 44 52 2 8 9 29 31 43 1 18 37 15 28 32 10 12 13 47 53 62 64 72 73 49 61 4 14 24 48 0 27 56 65 30 46 20 17 23 58 22 21 36 42 35 54 60 19 40 41 55 68 69 70 59 63 25 
51 44 12 33 28 45 3 7 14 56 66 4 29 53 47 74 18 34 75 6 67 25 36 46 1 73 5 19 52 13 16 20 35 11 50 27 69 32 61 70 39 57 68 72 10 59 37 71 15 58 60 0 9 62 2 21 38 64 43 8 31 65 42 48 22 41 40 49 24 30 23 63 55 17 54 26 
61 73 20 21 1 60 72 29 0 47 46 32 67 5 42 68 4 28 35 41 3 44 62 74 40 63 15 50 36 75 70 22 26 14 16 33 66 51 55 19 25 45 59 2 48 56 69 12 39 7 11 43 6 23 31 34 53 18 8 38 57 71 49 52 17 13 9 24 37 10 64 58 30 54 65 27 
44 47 4 26 29 14 3 46 51 12 56 73 33 36 20 1 35 45 67 74 66 19 75 7 27 5 53 68 70 25 61 69 6 18 34 59 72 16 32 50 60 21 0 11 52 62 13 15 39 2 57 42 43 71 10 41 31 37 38 22 40 8 9 48 58 63 64 55 65 23 49 17 24 30 54 28 
1 47 73 44 3 28 67 74 4 5 20 27 46 26 61 75 33 51 66 72 32 45 14 35 50 25 36 0 12 16 21 60 7 56 62 68 15 6 11 19 70 34 39 42 53 2 18 69 41 59 43 22 40 48 52 31 57 63 71 13 38 8 55 9 23 37 10 49 17 64 24 58 65 30 54 29 
9 38 71 8 24 57 37 64 54 11 31 10 39 49 65 17 43 52 6 16 25 2 34 13 50 66 75 7 45 74 15 23 33 58 5 18 48 3 51 67 32 62 26 1 44 53 12 29 22 72 28 0 61 55 73 47 42 27 56 4 14 40 21 20 41 46 36 35 60 19 63 68 69 70 59 30 
43 8 2 49 39 38 24 11 17 16 71 50 15 23 48 57 25 54 5 9 75 62 32 74 30 66 67 22 6 37 3 72 1 0 33 45 55 34 52 64 7 29 61 10 42 51 44 40 26 73 27 13 18 21 28 41 65 47 12 20 4 46 53 14 58 60 63 56 35 36 68 19 70 69 59 31 
72 62 0 5 15 1 50 61 67 42 22 21 27 74 2 16 29 48 73 40 75 41 3 43 55 39 25 47 66 11 20 23 31 44 60 28 33 63 45 46 26 49 51 4 8 38 6 17 71 7 35 57 68 12 14 24 34 36 56 9 52 18 70 19 37 53 54 59 69 10 13 30 64 65 58 32 
45 51 66 3 7 26 6 44 74 75 25 34 12 18 28 67 29 16 53 5 52 11 47 1 14 56 4 13 50 39 57 73 10 46 71 32 37 36 9 20 27 38 61 72 2 15 35 43 64 8 19 31 58 62 0 65 21 68 69 70 60 48 49 59 42 22 24 30 23 17 40 41 55 63 54 33 
6 7 18 52 45 13 33 51 66 10 25 53 26 12 3 37 57 75 11 74 44 58 64 9 65 71 16 28 67 39 56 5 14 29 38 50 4 8 47 1 31 2 43 73 30 36 46 32 15 19 72 20 27 61 24 35 49 62 0 69 48 70 17 68 21 59 60 22 23 54 42 40 41 55 63 34 
46 68 70 36 4 20 59 69 19 47 14 28 73 60 29 27 44 56 1 26 12 61 3 21 51 67 33 72 74 5 45 66 75 0 32 53 7 25 50 18 41 42 62 63 6 16 34 15 40 11 22 39 52 2 13 43 48 55 57 71 31 10 38 8 37 58 23 9 49 64 65 17 24 30 54 35 
19 4 35 14 69 46 70 59 47 56 28 68 20 44 12 26 29 73 51 3 27 1 60 33 53 45 67 7 61 74 66 75 5 18 21 72 34 6 25 32 0 50 16 13 52 62 11 15 42 41 39 63 40 2 57 10 58 22 43 71 37 48 31 38 9 55 8 64 65 23 49 17 24 30 54 36 
64 9 10 57 52 65 71 6 13 34 38 11 30 25 7 8 18 39 58 45 66 16 33 75 31 51 24 74 3 43 50 53 2 26 12 49 67 5 44 54 17 15 28 29 1 32 56 14 47 48 62 23 4 72 73 61 0 27 46 22 20 36 19 35 42 21 55 40 41 60 69 68 70 59 63 37 
8 71 11 39 57 31 9 24 43 16 30 49 2 25 37 17 50 6 54 64 75 66 10 52 74 5 15 34 33 45 48 67 3 7 23 65 32 13 62 51 18 1 26 29 44 72 22 0 28 58 61 12 73 53 55 42 47 27 4 21 40 14 41 56 20 46 36 60 35 63 19 68 70 69 59 38 
11 16 31 43 2 8 38 50 71 25 57 75 5 49 74 15 66 9 24 67 6 3 32 17 33 45 48 62 37 23 1 7 34 30 52 72 29 51 44 54 64 0 10 22 26 61 18 73 13 28 27 42 47 12 55 65 21 40 53 4 41 20 46 14 56 58 60 36 35 63 68 19 70 69 59 39 
41 42 55 0 22 63 21 62 72 32 61 15 48 27 1 23 60 5 50 73 2 67 20 29 43 16 74 47 75 31 3 39 46 17 49 44 68 11 25 28 66 4 35 8 33 26 45 24 38 51 36 70 71 6 14 7 57 12 54 19 34 56 59 69 9 18 52 37 53 30 10 13 64 65 58 40 
40 42 63 0 21 55 22 61 72 62 32 27 60 15 1 48 73 5 20 50 23 29 67 2 47 74 16 43 46 68 75 3 44 28 35 39 4 31 25 66 11 17 49 33 26 36 70 8 45 51 14 38 6 24 59 71 7 12 19 69 56 57 34 54 9 18 52 53 37 13 30 10 64 65 58 41 
40 41 0 22 21 55 62 72 32 61 63 15 27 48 1 5 50 60 73 2 23 67 29 20 43 16 74 47 75 3 39 46 31 44 11 25 28 49 66 68 17 4 35 33 8 26 45 51 38 36 24 70 71 6 14 7 57 12 19 34 56 59 54 69 9 18 52 37 53 30 10 13 64 65 58 42 
2 31 39 49 8 15 50 16 48 11 17 23 38 24 5 62 71 25 32 75 22 57 74 67 54 66 72 0 9 1 3 55 6 42 61 30 33 29 45 37 40 7 34 44 51 73 21 27 41 52 64 26 10 28 47 18 13 20 12 63 65 4 46 60 53 14 56 35 36 58 68 19 70 69 59 43 
28 26 3 29 47 51 33 4 45 67 74 12 14 66 73 75 1 46 56 7 5 20 25 36 6 35 53 27 34 16 18 61 19 50 32 72 11 68 52 69 70 39 60 0 21 13 15 59 62 57 2 43 71 10 31 37 38 42 9 8 41 22 48 58 40 64 63 65 49 55 23 24 17 30 54 44 
33 7 51 66 6 3 26 34 25 75 44 74 12 18 28 52 53 67 11 16 29 13 5 14 47 56 57 1 4 39 50 10 37 71 73 9 46 32 36 38 64 58 2 8 20 61 72 15 27 31 43 65 19 35 62 0 69 21 68 70 30 48 49 60 24 59 22 42 17 23 40 41 55 54 63 45 
20 35 47 4 36 28 68 73 29 70 14 27 44 19 60 69 1 59 56 26 3 61 67 12 51 21 74 5 33 72 45 66 75 32 0 7 53 25 50 16 42 62 6 18 34 41 15 63 40 11 39 22 2 52 13 43 48 55 57 31 71 38 8 10 23 37 9 58 49 64 65 17 24 30 54 46 
28 46 4 29 73 20 44 1 35 36 3 14 27 26 67 68 51 56 61 74 19 33 60 70 5 12 45 66 72 75 69 21 32 59 7 0 25 50 16 53 6 62 18 34 15 42 11 39 41 2 40 52 63 22 43 13 48 57 31 71 55 38 8 10 37 9 23 49 58 64 17 65 24 30 54 47 
23 15 22 2 62 43 55 32 50 17 31 49 0 42 5 40 72 16 39 41 8 61 11 24 67 1 38 74 75 21 25 27 54 71 3 29 63 66 73 57 33 44 45 6 9 47 60 20 28 30 51 26 7 46 34 37 4 52 12 35 64 10 18 68 14 13 36 56 53 65 70 19 59 69 58 48 
17 24 31 43 8 2 23 54 38 39 48 71 11 15 16 50 57 30 62 9 5 22 25 32 75 74 55 66 67 37 72 0 6 1 3 42 33 64 40 45 61 34 52 7 10 29 41 51 21 44 73 27 65 26 13 18 28 47 12 63 20 4 46 53 60 58 14 56 35 36 68 19 70 69 59 49 
5 16 15 2 32 39 67 74 75 43 11 62 25 1 72 3 31 66 48 0 29 61 8 22 33 38 23 45 49 71 73 44 6 27 42 57 51 17 21 26 28 47 7 55 24 34 40 9 41 20 4 37 46 52 12 18 60 14 54 10 30 63 64 13 35 53 56 36 68 65 19 70 58 69 59 50 
26 33 45 7 3 12 44 66 28 34 6 18 53 74 75 25 14 29 56 67 4 47 52 5 13 1 16 11 46 73 36 50 57 10 19 20 39 35 27 32 37 71 61 72 9 58 64 69 15 38 70 2 43 65 68 8 31 59 62 0 60 21 42 48 49 22 30 24 41 23 40 17 55 63 54 51 
13 34 10 6 18 7 37 64 57 65 45 9 58 25 33 66 51 53 71 11 12 26 75 3 38 74 16 39 44 8 67 28 30 5 50 56 29 31 14 43 1 2 4 47 24 15 32 49 73 36 46 72 19 62 20 61 17 27 35 48 54 0 23 69 70 21 22 68 42 59 60 40 41 55 63 52 
12 18 7 51 26 56 34 45 13 33 14 6 44 52 28 66 3 58 4 25 10 19 36 74 75 29 47 67 46 37 57 65 69 1 11 16 35 64 73 5 20 9 59 70 71 39 50 27 68 38 32 61 72 8 2 15 31 43 60 62 0 21 30 49 24 48 42 22 41 17 23 40 55 63 54 53 
24 17 49 8 31 30 38 43 2 23 71 39 9 11 48 57 16 15 50 37 25 64 62 22 75 5 32 6 10 55 66 74 67 52 65 0 3 34 72 33 45 1 7 42 40 13 51 61 29 18 41 44 26 73 21 27 58 28 47 12 53 63 20 4 46 14 60 56 35 36 68 19 70 69 59 54 
22 40 42 41 48 62 0 23 15 32 72 63 21 2 61 43 50 5 1 27 17 31 49 16 67 73 39 60 74 29 75 8 11 3 20 24 25 38 47 66 44 46 54 71 28 33 45 4 57 68 26 35 51 6 7 9 34 36 14 12 30 70 37 52 56 18 19 59 69 10 53 64 13 65 58 55 
14 12 4 26 19 28 36 53 44 51 47 46 69 33 35 7 18 45 3 29 59 70 20 34 66 73 6 68 74 67 75 1 13 25 27 52 5 16 60 61 58 11 50 72 10 32 21 57 39 0 37 15 62 71 9 64 65 2 38 43 8 31 42 41 22 40 48 63 49 55 23 30 24 17 54 56 
71 9 37 11 38 6 8 25 39 64 52 10 16 30 34 31 66 75 7 45 65 13 33 43 24 74 2 50 3 18 49 51 5 67 26 58 15 17 44 54 12 53 1 29 32 28 48 62 23 72 47 73 56 61 0 14 4 22 27 46 20 42 21 36 55 40 35 41 19 60 68 69 70 63 59 57 
13 10 65 52 18 34 64 37 53 6 7 45 9 12 57 33 51 66 25 26 71 11 56 3 75 44 38 74 14 30 16 28 39 8 67 4 29 5 47 50 31 19 36 1 43 2 24 46 73 15 32 35 49 69 20 27 61 72 54 59 62 70 17 68 0 48 23 21 60 22 42 41 40 55 63 58 
69 70 19 35 36 68 4 46 14 20 47 56 28 60 73 29 44 12 26 27 51 1 3 53 61 21 33 67 45 74 7 66 72 5 75 18 32 0 34 6 25 50 63 41 42 16 62 13 15 40 52 11 39 22 2 58 57 10 43 48 55 71 37 31 9 38 8 64 65 23 49 17 24 30 54 59 
27 20 21 68 61 73 46 35 47 1 72 0 29 63 41 70 4 42 32 28 36 40 67 5 44 59 62 3 69 19 74 14 22 15 26 50 75 55 56 33 51 66 16 12 45 25 48 2 7 39 11 43 6 23 53 34 18 31 8 38 49 52 57 71 13 17 9 24 37 10 64 58 54 65 30 60 
72 27 0 1 21 32 73 5 29 42 62 60 67 20 41 15 40 47 50 74 3 22 46 63 44 75 28 16 4 48 55 35 68 2 66 25 33 26 43 36 39 45 51 11 14 23 70 31 7 12 6 19 56 59 69 8 34 49 38 71 57 17 18 53 52 24 9 13 37 10 54 64 30 58 65 61 
15 32 0 22 72 48 42 50 5 61 2 40 55 1 41 21 23 43 67 16 27 74 39 73 75 29 31 3 63 11 25 49 17 66 20 47 60 8 44 28 33 38 45 24 46 71 26 51 4 6 57 7 35 34 68 9 54 12 14 36 52 37 56 18 70 30 53 10 19 13 64 59 69 65 58 62 
41 40 21 42 0 60 61 55 72 22 27 62 32 73 1 20 15 48 5 29 68 46 67 47 50 23 35 2 74 3 4 16 28 43 44 75 70 36 39 66 25 26 31 33 59 11 14 17 49 51 69 19 45 8 56 12 6 7 38 24 71 34 57 53 18 54 9 52 37 13 10 30 64 65 58 63 
37 10 65 9 52 57 13 71 6 30 34 58 38 11 7 18 8 25 39 45 66 33 16 51 75 31 24 53 74 3 26 43 12 50 2 49 67 5 44 54 17 28 15 29 1 56 14 32 47 4 48 62 23 72 73 61 46 0 27 36 20 22 19 35 42 21 55 69 40 41 60 68 70 59 63 64 
10 64 37 52 58 13 9 57 34 6 18 71 30 7 11 38 25 45 66 33 53 8 51 39 75 12 16 26 3 74 31 24 43 44 50 67 2 5 49 28 56 54 14 29 1 15 17 4 47 32 73 48 62 36 46 72 23 19 61 20 27 0 35 22 69 21 42 70 59 68 55 60 40 41 63 65 
33 75 25 45 3 74 6 7 51 67 16 11 26 34 44 5 29 50 28 39 1 12 18 52 57 47 71 53 13 32 38 73 2 4 37 8 9 10 14 15 31 43 56 72 46 61 27 62 64 20 0 36 65 35 48 49 58 19 21 24 22 30 42 60 23 68 17 69 70 40 41 59 55 54 63 66 
74 5 1 3 75 29 50 66 16 44 25 32 73 33 72 61 28 45 47 15 26 27 51 11 62 0 39 2 4 6 7 20 46 21 43 12 34 14 31 42 48 22 57 60 71 18 35 36 38 56 8 52 41 53 40 68 9 23 49 55 13 19 37 70 10 63 17 24 69 59 64 65 30 58 54 67 
35 70 20 46 59 60 36 69 4 47 19 27 73 28 14 29 1 21 44 61 56 26 72 3 67 0 12 5 51 74 32 63 33 41 42 75 45 66 40 62 7 50 53 15 16 25 6 18 22 34 11 55 2 39 48 43 52 13 31 57 23 71 38 8 10 37 9 49 58 17 64 24 65 30 54 68 
59 19 70 36 35 4 14 68 46 56 47 20 28 12 44 26 29 73 60 27 51 53 3 1 33 45 61 67 7 74 18 21 66 75 5 72 34 6 25 32 0 50 13 16 52 41 42 62 63 11 15 39 40 58 2 10 57 22 43 37 71 48 55 31 38 9 64 8 65 23 49 24 17 30 54 69 
59 35 69 68 36 19 46 4 20 14 47 28 56 60 73 27 29 44 26 12 1 3 51 61 21 67 33 53 72 74 45 5 7 66 75 0 32 18 63 25 34 41 42 50 6 62 16 15 40 11 13 52 22 39 2 43 48 55 57 10 58 71 31 37 38 8 9 23 64 49 65 17 24 30 54 70 
38 57 9 8 11 39 37 25 31 16 30 6 24 43 64 49 52 2 10 66 75 34 50 45 74 7 33 65 5 17 3 13 54 67 15 51 18 32 48 23 26 1 44 62 29 58 12 53 72 28 0 22 61 73 47 27 4 14 42 55 56 46 20 21 40 41 36 35 60 19 68 63 70 69 59 71 
0 32 61 1 62 21 27 5 42 15 67 73 50 22 29 41 40 74 20 60 3 16 47 48 55 75 2 63 44 28 43 46 66 25 39 4 11 23 33 31 26 35 45 51 68 36 49 6 7 8 14 38 12 17 70 71 34 56 57 19 24 18 59 69 52 53 9 37 13 54 10 64 30 65 58 72 
27 1 29 20 47 61 46 28 67 44 72 4 60 3 5 21 32 35 74 0 68 75 26 36 14 33 50 62 51 66 42 70 15 16 45 25 41 56 12 19 40 7 59 63 69 22 2 11 6 39 48 34 43 53 55 18 31 23 52 57 71 8 38 13 49 9 10 37 17 24 64 58 65 30 54 73 
75 67 3 66 5 25 16 33 29 50 1 44 45 51 11 26 6 28 32 39 7 73 47 72 15 34 61 2 62 12 27 43 0 4 57 20 31 46 71 18 38 52 8 14 53 56 21 48 9 13 22 35 36 37 42 49 60 10 23 40 41 64 68 19 24 17 55 70 65 69 30 58 59 63 54 74 
74 66 25 3 67 16 5 33 45 50 11 6 29 39 44 51 1 7 26 28 32 34 15 2 57 73 43 47 71 72 31 38 61 62 12 18 52 8 0 4 27 9 14 20 37 46 53 13 48 56 10 21 49 22 36 42 64 23 24 35 60 17 40 41 65 19 30 55 68 58 70 69 54 59 63 75 