1
100
21282
1 1380 939
2 2848 96
3 3510 1671
4 457 334
5 3888 666
6 984 965
7 2721 1482
8 1286 525
9 2716 1432
10 738 1325
11 1251 1832
12 2728 1698
13 3815 169
14 3683 1533
15 1247 1945
16 123 862
17 1234 1946
18 252 1240
19 611 673
20 2576 1676
21 928 1700
22 53 857
23 1807 1711
24 274 1420
25 2574 946
26 178 24
27 2678 1825
28 1795 962
29 3384 1498
30 3520 1079
31 1256 61
32 1424 1728
33 3913 192
34 3085 1528
35 2573 1969
36 463 1670
37 3875 598
38 298 1513
39 3479 821
40 2542 236
41 3955 1743
42 1323 280
43 3447 1830
44 2936 337
45 1621 1830
46 3373 1646
47 1393 1368
48 3874 1318
49 938 955
50 3022 474
51 2482 1183
52 3854 923
53 376 825
54 2519 135
55 2945 1622
56 953 268
57 2628 1479
58 2097 981
59 890 1846
60 2139 1806
61 2421 1007
62 2290 1810
63 1115 1052
64 2588 302
65 327 265
66 241 341
67 1917 687
68 2991 792
69 2573 599
70 19 674
71 3911 1673
72 872 1559
73 2863 558
74 929 1766
75 839 620
76 3893 102
77 2178 1619
78 3822 899
79 378 1048
80 1178 100
81 2599 901
82 3416 143
83 2961 1605
84 611 1384
85 3113 885
86 2597 1830
87 2586 1286
88 161 906
89 1429 134
90 742 1025
91 1625 1651
92 1187 706
93 1787 1009
94 22 987
95 3640 43
96 3756 882
97 776 392
98 1724 1642
99 198 1810
100 3950 1558
EOF


62 91 5 92 27 7 46 48 66 74 89 41 57 9 90 97 31 55 71 88 18 96 79 22 20 30 83 10 44 73 78 52 14 16 58 60 76 3 50 59 17 35 24 23 87 80 37 68 64 86 15 61 65 21 39 93 56 63 69 53 19 8 6 98 85 25 72 11 26 34 67 43 1 49 54 82 84 33 28 38 45 29 81 42 2 95 13 94 77 51 36 4 47 12 70 32 99 75 40 0 
43 53 63 39 49 72 81 68 67 94 84 80 24 38 12 60 75 32 66 36 50 57 4 29 95 86 77 51 8 27 6 56 92 88 33 28 82 54 41 30 47 19 11 7 45 13 76 79 0 2 26 85 91 61 99 42 59 34 70 55 97 22 46 90 62 40 5 74 96 48 44 31 89 18 10 3 9 14 16 71 20 64 73 52 83 65 58 78 25 87 15 17 35 69 23 21 37 93 98 1 
45 42 28 13 70 33 40 99 47 82 54 29 11 6 51 95 8 77 26 38 84 56 85 19 34 86 67 4 36 50 24 80 61 60 72 49 76 59 68 43 81 12 32 57 75 94 63 22 1 39 97 53 92 27 66 90 44 31 46 0 10 14 16 62 7 91 20 73 88 41 5 58 71 48 30 9 79 89 74 83 55 96 35 18 78 37 23 52 17 98 3 87 64 15 65 21 93 69 25 2 
64 65 96 18 25 74 52 55 69 15 87 21 78 89 79 48 93 91 5 30 7 41 17 62 88 9 83 23 0 37 71 35 46 20 27 92 98 66 73 58 10 31 90 57 16 14 97 44 22 53 60 39 63 68 76 50 24 80 59 86 61 1 72 56 43 19 8 6 49 67 85 11 34 26 84 54 82 33 81 38 28 29 94 45 2 42 95 12 77 36 13 75 4 51 32 47 99 70 40 3 
36 77 95 51 38 32 12 29 75 47 94 81 84 49 13 99 67 28 43 70 72 2 40 45 33 1 42 80 68 82 54 24 63 8 39 6 86 53 50 56 60 11 19 26 85 57 34 76 61 66 59 27 92 22 97 90 88 0 44 46 41 7 31 30 91 79 62 10 5 14 16 55 48 74 96 20 71 73 89 9 58 18 83 3 52 78 35 64 65 17 37 23 87 25 15 21 98 69 93 4 
48 62 89 91 74 0 9 18 7 83 46 71 96 78 52 55 20 41 17 73 92 27 3 87 23 15 35 37 31 58 79 10 21 90 88 30 64 93 65 66 97 69 16 14 44 22 57 98 25 76 59 60 50 61 24 80 68 86 39 56 63 19 53 8 6 85 34 11 26 72 67 43 1 54 82 49 84 33 28 45 38 29 81 42 2 13 95 94 77 51 47 36 4 12 70 99 32 75 40 5 
8 56 11 86 19 54 82 26 33 85 50 34 61 24 76 60 80 28 59 45 84 67 57 42 2 29 68 72 22 13 38 97 92 49 27 90 66 44 43 47 63 95 70 99 77 39 40 51 31 46 53 1 4 0 36 81 10 14 16 62 94 12 91 7 32 20 75 5 73 41 71 48 58 88 9 89 30 74 79 83 55 96 18 35 78 37 52 23 17 3 98 87 15 64 65 21 93 69 25 6 
91 41 88 55 0 79 74 30 96 5 48 62 66 27 18 92 89 46 3 57 52 9 64 78 65 83 71 90 87 97 15 31 25 20 60 17 69 21 39 68 73 53 22 10 63 93 44 23 24 50 80 58 37 35 76 14 16 86 59 72 1 61 56 43 98 8 6 67 19 49 85 11 84 26 34 54 82 33 81 38 29 28 45 94 95 2 42 12 77 36 51 13 4 75 32 47 99 70 40 7 
6 56 86 11 19 54 82 50 33 26 85 24 60 80 34 61 76 28 84 59 45 67 57 2 42 68 29 72 22 13 38 49 97 92 27 66 90 43 63 47 44 95 39 70 77 99 51 40 53 31 46 1 4 0 36 81 10 14 16 62 94 12 7 91 32 75 5 20 41 73 88 48 71 58 9 30 89 79 74 83 55 96 18 35 78 52 37 23 17 3 98 87 15 64 65 21 93 69 25 8 
83 71 89 20 48 5 35 78 62 23 37 73 17 58 52 46 18 74 87 10 98 0 91 15 93 16 31 14 21 96 90 7 69 44 3 97 55 92 65 27 22 64 41 79 66 30 88 57 25 76 59 61 60 50 86 19 24 56 80 85 34 68 8 6 26 11 39 63 53 54 82 72 67 33 43 84 49 1 28 45 42 38 29 2 81 13 95 77 47 51 94 70 4 36 99 40 12 32 75 9 
14 16 31 73 20 58 44 90 71 46 97 22 9 83 62 35 59 0 5 48 76 89 92 37 27 61 98 23 91 17 78 57 74 7 18 66 34 19 52 85 50 56 26 87 60 86 11 15 93 6 96 8 21 41 24 55 80 69 3 54 88 82 79 30 65 68 64 33 67 63 39 72 84 25 53 45 28 42 49 43 2 1 29 38 13 70 47 95 40 99 77 81 51 4 36 94 12 32 75 10 
26 19 85 6 54 56 82 8 34 33 86 61 76 50 59 45 28 42 60 24 2 80 84 22 67 57 13 29 97 90 68 44 72 38 92 70 27 47 40 99 49 66 31 95 77 51 46 43 63 39 10 14 16 0 4 53 36 1 81 62 20 73 91 58 7 71 12 94 5 32 48 75 41 9 88 89 83 74 30 79 35 55 96 18 37 78 23 52 17 98 3 87 15 64 93 21 65 69 25 11 
32 75 94 81 36 4 95 77 38 51 49 43 29 1 84 72 67 47 63 39 53 68 13 99 28 80 24 70 2 45 33 40 60 86 82 8 50 54 42 6 56 11 57 19 66 26 85 27 34 76 92 61 59 88 41 22 0 7 97 30 79 90 91 46 44 62 31 55 5 48 74 96 10 14 16 89 18 71 20 9 73 3 58 83 64 52 78 65 25 35 17 87 23 15 37 21 69 93 98 12 
2 70 99 47 28 45 40 42 29 33 51 77 95 82 38 54 84 4 36 6 11 8 67 26 56 19 86 85 34 49 50 24 80 72 32 60 12 43 81 61 75 68 94 76 59 63 1 57 39 53 22 66 97 92 27 90 44 31 46 0 10 14 16 7 62 91 88 41 5 20 73 48 58 71 30 79 9 89 74 55 83 96 18 35 78 52 37 23 3 17 98 87 64 15 65 21 93 69 25 13 
16 10 31 73 58 44 20 90 71 97 46 22 9 35 83 59 62 76 0 5 48 37 89 61 98 92 23 27 17 91 78 57 34 85 19 74 52 7 18 66 26 50 56 86 11 60 87 6 93 8 15 21 96 24 41 55 80 54 82 69 3 88 79 30 33 68 65 64 67 63 72 39 84 45 28 25 42 53 2 49 43 29 1 13 38 70 47 40 95 99 77 51 81 4 36 94 12 32 75 14 
87 21 93 69 52 78 17 18 65 23 3 64 89 37 83 74 9 96 48 25 5 35 98 62 55 71 91 20 7 73 58 0 79 41 46 30 10 88 16 14 31 92 27 90 97 44 66 22 57 76 59 60 61 50 24 68 80 39 86 53 63 56 19 8 85 6 34 26 11 72 1 43 67 54 49 82 84 33 28 45 38 81 29 42 2 94 13 95 77 51 12 36 4 47 75 32 70 99 40 15 
14 10 31 73 58 20 44 90 71 97 46 22 9 35 83 62 59 76 5 0 37 48 89 98 61 92 23 27 17 78 91 57 34 85 19 74 52 18 7 66 26 50 56 87 86 11 60 93 15 6 8 21 96 41 24 55 80 54 69 82 3 88 79 30 65 33 68 64 67 63 72 39 84 45 25 28 42 53 2 49 43 29 1 13 38 70 47 40 95 99 77 51 81 4 36 94 12 32 75 16 
23 78 37 93 87 83 15 21 52 35 9 89 98 69 18 71 48 5 20 74 73 58 62 65 3 64 96 91 46 10 0 55 16 25 14 7 31 90 41 79 44 97 30 92 27 88 22 66 57 76 59 61 60 50 86 24 19 80 56 68 85 34 8 6 26 39 63 11 53 72 54 82 67 43 1 33 49 84 28 45 42 38 29 2 81 13 95 77 94 51 47 36 4 70 99 12 40 32 75 17 
74 52 96 3 89 48 78 5 64 65 87 15 55 91 21 69 62 9 93 17 7 83 25 79 41 0 23 30 37 71 88 35 46 20 73 58 98 27 92 66 10 31 90 16 14 97 57 44 22 76 60 59 50 68 39 24 53 80 63 61 86 56 19 8 72 6 85 1 43 34 11 26 67 49 84 54 82 33 81 38 28 45 29 42 2 94 95 13 77 12 51 36 4 47 75 32 70 99 40 18 
11 85 26 56 6 8 34 61 54 86 82 76 59 50 33 60 24 22 80 45 28 57 97 42 2 90 84 44 67 92 27 68 13 29 31 72 66 46 38 49 10 70 47 14 16 63 99 40 43 0 95 39 77 51 53 62 1 20 73 4 36 91 58 71 7 5 81 48 9 41 88 89 94 12 83 32 74 75 30 79 35 55 18 96 37 78 23 52 17 98 3 87 15 93 21 64 65 69 25 19 
73 58 71 10 16 14 9 83 35 31 46 37 62 90 89 44 23 5 98 48 97 17 78 22 0 91 52 18 74 92 87 27 93 15 21 59 7 76 96 61 69 57 66 55 3 41 65 64 79 50 88 60 19 34 30 85 86 56 26 11 6 8 24 25 80 68 54 82 33 63 39 53 72 67 84 43 49 45 28 1 42 2 29 38 13 81 95 47 70 77 99 40 51 4 36 94 12 32 75 20 
15 87 93 69 52 78 17 65 18 23 64 3 37 89 83 74 9 25 96 48 35 5 98 55 71 62 91 20 73 7 58 0 79 41 46 30 10 88 16 14 31 92 27 90 44 97 66 22 57 76 59 60 61 50 24 68 80 39 86 53 63 56 19 8 85 6 34 26 11 72 1 43 67 54 49 82 84 33 28 45 38 81 29 42 2 94 13 95 77 51 12 36 4 47 75 32 70 99 40 21 
97 90 44 59 76 31 61 46 10 14 16 92 27 19 57 85 34 56 50 26 20 73 0 86 11 58 60 6 71 8 62 66 24 5 80 9 54 48 82 91 83 89 33 7 35 68 74 67 41 37 84 23 72 45 78 18 28 63 98 88 17 42 39 96 55 52 2 53 79 49 30 43 29 87 13 15 38 1 93 3 21 69 64 65 47 70 95 40 99 77 51 81 4 25 36 94 12 32 75 22 
37 17 35 83 78 98 9 93 87 15 52 21 89 71 20 73 58 69 48 18 5 62 74 10 65 16 3 14 46 96 64 91 31 0 55 7 90 25 44 97 41 22 92 27 79 30 88 66 57 59 76 61 60 50 19 86 24 56 85 34 80 26 68 8 6 11 39 63 53 54 82 72 67 33 43 84 1 49 45 28 42 2 38 29 81 13 95 77 47 51 94 70 99 4 36 40 12 32 75 23 
80 60 50 86 68 67 57 72 8 56 84 6 63 49 66 43 39 19 82 11 54 33 27 76 92 53 85 26 1 61 38 29 59 28 34 45 22 97 81 90 2 95 0 42 77 46 13 51 44 4 36 47 7 31 94 88 91 41 62 12 99 70 32 75 30 5 10 40 79 48 14 16 55 74 71 20 89 73 9 96 58 18 83 78 52 3 35 17 37 23 64 65 87 15 21 98 93 25 69 24 
64 65 3 69 96 18 55 52 15 21 87 74 93 79 78 30 89 41 48 7 17 91 5 88 62 23 9 83 37 0 35 71 98 46 20 66 27 92 73 58 10 31 57 90 16 14 97 44 53 22 39 63 60 68 76 24 80 50 59 1 86 72 61 43 56 49 8 19 67 6 85 11 84 26 34 54 82 81 33 38 94 29 28 45 12 95 75 2 42 32 36 77 4 51 13 47 99 70 40 25 
85 11 34 19 54 6 56 82 61 8 33 59 76 86 50 45 42 28 2 60 22 24 80 97 57 84 13 44 90 67 29 92 68 27 70 31 40 72 38 47 99 46 66 49 10 95 14 16 77 51 43 63 0 39 4 53 36 1 62 73 20 58 71 81 91 5 7 48 9 12 94 32 41 89 88 75 83 74 35 30 79 55 18 96 37 78 23 98 17 52 3 87 15 93 21 64 65 69 25 26 
92 66 57 0 46 60 91 7 97 62 90 50 22 76 24 80 5 41 31 86 48 68 44 88 59 56 61 74 10 63 8 39 30 89 19 79 6 55 53 71 9 14 16 20 72 96 73 85 11 67 18 26 83 58 34 43 49 84 54 82 1 33 78 52 3 35 17 23 37 64 87 65 15 28 38 45 29 21 93 69 98 81 2 42 25 95 13 77 51 94 47 36 4 12 70 99 32 75 40 27 
45 2 13 33 42 82 29 54 47 70 99 40 6 84 8 38 11 95 77 51 56 26 67 86 19 85 34 50 4 24 80 36 72 60 49 61 68 76 43 59 81 57 12 32 63 94 75 1 39 22 53 97 92 66 27 90 44 31 46 0 10 14 16 62 7 91 88 41 5 20 73 48 71 58 30 79 9 89 74 55 83 96 18 35 78 52 37 23 17 3 98 87 64 15 65 21 93 69 25 28 
38 95 77 51 47 28 84 13 4 45 2 36 67 33 99 70 42 82 49 54 40 72 8 6 80 81 43 24 12 86 32 56 11 50 94 75 68 60 19 26 85 1 63 39 34 53 57 61 76 59 66 27 92 22 97 90 44 0 46 31 88 7 41 91 10 62 14 16 30 79 5 48 20 73 71 55 74 58 89 9 96 83 18 35 78 3 52 37 23 17 64 65 87 98 15 21 93 25 69 29 
79 88 41 55 7 96 91 74 3 0 18 66 5 48 64 62 27 65 25 92 89 52 57 53 39 46 78 63 9 69 87 15 68 21 83 60 93 71 17 80 24 1 90 97 50 20 31 23 72 43 73 22 37 10 35 44 86 76 49 58 67 14 16 59 56 8 61 84 6 98 19 81 11 85 26 54 82 34 33 38 94 29 12 28 95 75 45 32 36 77 4 51 2 42 13 47 99 70 40 30 
10 90 44 14 16 97 46 22 73 20 58 71 59 62 76 0 9 92 27 61 5 83 48 35 89 57 91 37 66 19 34 85 50 23 7 56 98 60 86 78 74 26 17 11 6 8 18 52 24 80 41 96 87 54 55 82 15 93 88 68 21 79 33 30 3 69 65 67 64 63 72 39 84 53 45 28 42 49 43 2 25 1 29 38 13 95 47 70 40 99 77 81 51 4 36 94 12 32 75 31 
75 12 94 36 4 81 95 77 51 38 49 29 43 84 1 67 72 47 63 13 99 39 53 68 28 70 80 2 24 45 40 33 60 42 82 86 8 54 50 6 56 11 57 19 26 66 85 34 76 27 92 61 59 88 41 22 97 0 7 30 90 79 91 46 44 31 62 55 5 48 74 10 96 14 16 89 71 18 20 9 73 58 3 83 64 52 78 65 25 35 17 87 23 15 37 21 69 93 98 32 
82 54 28 45 6 8 11 2 56 42 26 19 86 85 13 29 84 34 50 67 24 80 38 47 70 60 61 99 40 76 95 77 51 59 72 49 68 57 4 43 36 22 63 97 92 39 27 81 66 1 90 44 53 12 32 94 75 31 46 0 10 14 16 62 7 91 41 20 88 73 5 71 58 48 30 9 79 89 74 55 83 96 18 35 78 37 52 23 17 3 98 87 64 15 65 21 93 69 25 33 
85 26 19 11 61 59 56 6 54 76 82 8 33 86 50 22 45 42 97 28 44 60 2 90 24 80 57 31 13 84 92 67 27 29 46 14 10 16 68 70 40 99 66 72 47 38 49 0 95 77 51 73 20 63 43 58 62 39 71 53 4 91 5 36 1 48 7 9 81 83 89 41 35 88 12 74 94 32 75 30 37 79 55 18 23 78 98 96 17 52 87 3 15 93 21 64 65 69 25 34 
37 98 23 83 71 9 58 20 73 17 78 89 10 93 16 87 14 52 48 5 15 62 21 31 46 18 69 74 90 44 0 91 97 96 3 22 65 7 64 92 55 27 41 25 59 76 79 66 57 30 88 61 60 50 19 34 85 86 56 26 24 11 6 8 80 68 54 82 39 63 53 33 72 67 84 43 49 1 45 28 42 2 29 38 13 81 95 47 77 70 51 99 40 4 94 36 12 32 75 35 
4 77 95 51 32 12 38 75 29 94 81 47 84 49 67 13 99 43 72 28 70 2 1 40 45 33 68 42 80 63 24 82 39 54 8 53 6 86 60 50 56 11 19 26 85 57 34 66 76 61 27 59 92 22 97 90 88 0 44 41 7 46 30 91 31 79 62 10 5 55 14 48 16 74 96 20 71 89 73 9 58 18 83 3 52 78 64 35 65 17 37 23 87 25 15 21 69 98 93 36 
23 35 17 98 83 78 9 71 93 87 20 89 15 58 73 52 21 48 5 69 18 62 10 16 14 74 46 31 65 3 91 96 0 64 90 44 7 55 97 25 22 92 27 41 79 30 88 66 59 57 76 61 60 50 19 86 34 85 56 24 80 26 8 6 11 68 39 63 53 54 82 72 33 67 84 43 49 1 45 28 42 2 29 38 13 81 95 77 47 51 70 94 99 40 4 36 12 32 75 37 
29 95 77 84 51 4 36 67 49 47 72 81 28 43 12 13 32 94 33 75 45 2 99 80 24 68 82 70 1 54 8 6 86 42 63 40 50 60 56 39 11 53 19 26 85 57 34 76 61 66 59 27 92 22 97 90 0 44 46 88 7 41 31 91 30 62 79 10 5 14 16 48 55 74 20 71 73 96 89 58 9 18 83 3 52 78 35 64 17 37 23 65 87 15 25 21 98 93 69 38 
63 53 1 68 43 72 49 80 24 67 66 60 84 57 81 50 27 86 92 38 94 88 8 41 56 6 12 7 29 30 0 75 79 32 95 36 33 4 76 82 91 19 77 54 11 51 28 55 61 26 85 46 59 97 45 62 22 90 47 5 13 2 34 74 48 96 42 44 31 99 89 18 70 10 40 3 9 71 14 16 20 64 73 52 83 65 58 78 25 87 15 17 35 23 69 21 37 93 98 39 
70 99 13 47 2 42 45 28 29 51 77 95 33 82 54 38 4 36 84 11 6 8 26 56 67 85 19 34 86 32 49 50 12 24 80 72 75 61 81 60 94 43 76 68 59 1 63 57 39 22 53 97 92 66 27 90 44 31 46 0 10 14 16 62 7 91 88 41 73 20 58 5 71 48 30 79 9 89 74 55 83 96 35 18 78 37 23 52 17 98 3 87 64 15 65 21 93 69 25 40 
88 30 79 7 55 91 96 74 0 66 5 48 62 18 27 92 3 89 64 57 65 46 52 25 9 53 78 39 63 68 83 60 87 15 71 69 21 90 24 80 97 17 31 50 20 93 22 1 73 23 10 72 44 76 37 43 86 58 35 14 16 49 59 67 56 8 61 6 19 84 98 11 85 26 81 34 54 82 33 38 94 29 28 45 12 95 36 77 75 32 2 4 51 42 13 47 99 70 40 41 
2 45 28 13 33 70 40 82 54 99 47 11 29 26 6 8 85 19 34 56 51 95 84 77 38 86 67 61 50 24 4 80 76 36 59 60 72 49 68 43 57 22 81 12 32 97 63 75 94 44 90 39 1 92 27 66 53 31 46 10 14 16 0 62 73 20 7 91 58 71 5 41 88 48 9 30 89 79 83 74 55 35 96 18 37 78 23 52 17 98 3 87 15 64 93 21 65 69 25 42 
49 72 1 63 39 68 67 53 81 84 80 24 38 94 60 12 29 50 36 75 95 32 4 86 77 57 66 51 8 6 56 33 28 82 54 27 92 47 11 45 19 13 2 76 26 88 85 42 99 61 41 70 7 0 59 34 30 40 79 22 97 91 46 90 62 55 44 5 31 48 74 96 10 89 14 16 18 71 9 20 73 3 58 83 52 64 78 65 25 35 17 87 15 23 37 21 69 93 98 43 
90 97 22 31 10 14 16 46 59 76 61 73 20 58 71 92 27 0 62 34 19 57 85 9 26 56 5 50 83 86 48 11 60 6 8 35 66 89 91 24 54 7 80 82 37 23 98 74 78 17 33 18 68 41 52 96 55 88 67 87 45 84 72 15 79 28 30 63 93 42 39 21 3 2 53 49 69 43 65 64 29 13 38 1 70 47 25 40 95 99 77 51 81 4 36 94 12 32 75 44 
2 28 42 33 13 82 54 70 99 29 40 47 11 6 8 26 56 19 85 84 38 95 34 86 51 77 67 50 24 80 61 4 60 36 76 72 49 59 68 43 57 81 12 32 63 22 94 75 1 39 97 92 27 53 66 90 44 31 46 0 10 14 16 62 7 91 20 73 41 88 5 58 71 48 30 9 79 89 74 83 55 96 35 18 78 37 23 52 17 98 3 87 15 64 65 21 93 69 25 45 
31 90 62 0 97 10 44 92 22 71 20 27 5 14 16 73 48 9 91 58 89 83 57 76 7 66 59 74 35 61 18 78 41 60 37 50 23 17 52 96 55 86 19 88 56 24 98 79 85 80 30 87 34 8 6 26 15 11 3 68 93 21 64 69 65 54 82 63 39 53 72 67 33 84 25 43 49 1 28 45 42 2 29 38 13 81 95 77 47 51 70 99 40 4 36 94 12 32 75 46 
99 13 70 51 77 29 40 95 2 28 45 38 4 42 36 33 84 82 54 67 32 12 8 6 49 11 75 56 81 72 86 94 26 80 19 24 43 85 50 34 60 68 1 63 61 39 76 53 59 57 66 22 27 92 97 90 44 46 31 0 10 14 7 16 88 41 91 62 30 5 48 79 20 73 71 58 55 74 9 89 96 83 18 35 78 52 3 37 23 17 64 98 87 65 15 21 93 69 25 47 
5 62 89 74 91 9 18 0 83 7 78 52 96 71 46 55 17 20 41 87 3 23 73 15 37 92 27 35 79 21 58 31 93 64 65 10 30 88 69 90 66 16 14 97 44 98 22 57 25 76 59 60 50 61 24 80 68 86 39 56 63 53 19 8 6 85 34 11 26 72 67 43 1 54 82 49 84 33 28 45 38 29 81 42 2 13 95 94 77 51 47 36 4 12 70 32 99 75 40 48 
43 72 67 1 84 68 63 81 39 38 80 53 24 94 29 60 95 12 36 4 50 77 86 32 51 75 8 6 57 33 56 28 66 82 54 47 45 13 11 19 2 27 92 26 42 85 76 99 70 61 34 40 59 88 0 41 22 7 97 30 90 91 46 79 44 62 31 55 5 48 74 10 96 14 16 89 71 18 20 9 73 58 3 83 52 64 78 65 35 17 25 87 23 37 15 21 69 93 98 49 
86 60 24 80 56 8 6 57 19 76 11 68 54 82 67 61 85 26 33 84 59 92 27 72 66 34 22 97 63 49 39 28 43 90 45 29 53 38 44 46 0 2 1 42 31 13 95 7 77 62 91 10 51 81 47 14 16 41 88 4 36 70 5 99 48 40 94 20 71 73 30 12 79 58 74 32 89 9 75 55 96 83 18 35 78 52 3 37 23 17 87 64 98 15 65 21 93 69 25 50 
77 95 4 36 29 38 47 13 99 32 84 28 70 12 75 2 40 45 67 81 94 49 33 42 72 43 82 54 8 80 6 24 1 86 68 56 11 50 63 60 39 26 19 53 85 34 57 61 76 59 66 27 92 22 97 90 44 0 46 88 31 7 41 91 30 62 10 14 79 16 5 48 55 20 74 73 71 58 89 96 9 18 83 3 35 78 52 64 37 23 17 65 87 15 98 25 21 93 69 51 
78 87 15 18 21 69 93 89 17 3 65 74 64 48 96 23 83 9 5 37 62 55 91 25 35 71 7 98 0 20 79 73 41 58 46 30 88 10 31 16 14 92 27 90 66 97 44 22 57 76 59 60 50 61 24 68 80 39 53 86 63 56 19 8 6 85 34 72 11 26 1 43 67 49 54 82 84 33 28 38 45 81 29 42 2 94 95 13 77 51 12 36 4 47 75 32 70 99 40 52 
39 63 1 43 68 72 49 80 67 24 66 60 81 57 84 50 88 27 94 92 86 38 41 30 7 12 8 79 56 6 75 29 0 32 36 95 91 4 33 77 76 82 19 54 51 55 11 28 46 62 61 26 85 97 59 22 45 5 74 90 96 48 47 13 2 34 44 42 31 18 89 99 3 70 10 9 40 71 64 14 16 20 52 73 83 65 78 25 58 87 15 17 69 35 21 23 37 93 98 53 
82 33 11 6 8 26 56 19 85 45 28 86 34 42 2 50 61 13 84 76 24 29 80 60 59 67 38 70 47 99 40 57 72 68 95 77 22 51 49 97 43 92 90 27 44 4 63 36 66 39 31 1 53 81 46 12 10 0 94 32 14 16 75 62 91 7 20 73 58 5 71 41 48 88 9 89 30 74 79 83 55 35 96 18 78 37 23 52 17 98 3 87 15 64 21 93 65 69 25 54 
96 79 30 41 74 7 88 91 3 18 64 48 5 65 89 0 62 52 25 78 87 69 15 66 21 9 27 92 83 93 46 17 71 23 57 37 20 35 73 31 90 53 97 58 39 10 63 60 68 22 44 16 14 98 24 80 50 76 1 86 72 59 43 61 56 49 67 8 6 19 84 85 11 26 34 54 82 81 33 38 29 94 28 45 12 95 2 77 36 42 75 32 4 51 13 47 99 70 40 55 
6 8 86 19 11 50 54 26 85 82 33 76 61 34 60 24 80 59 57 28 45 84 67 22 68 42 2 97 72 92 29 27 90 13 66 44 38 49 63 43 31 46 39 47 95 70 99 77 51 53 40 0 1 10 14 16 4 36 81 62 91 7 20 5 73 94 71 12 48 41 58 88 32 75 9 89 30 74 79 83 55 96 18 35 78 37 52 23 17 98 3 87 15 64 65 21 93 69 25 56 
27 92 60 66 50 24 80 86 68 76 0 56 97 8 22 6 46 90 59 63 19 61 39 72 67 7 53 91 11 44 62 85 31 84 26 41 49 43 54 82 88 34 5 33 48 1 10 30 79 14 16 74 55 71 89 20 28 38 9 73 29 45 96 58 18 83 81 2 42 95 13 78 77 52 51 3 35 94 47 4 36 17 23 37 12 64 87 99 70 65 15 32 75 40 21 98 93 69 25 57 
73 20 71 16 10 14 35 83 9 31 37 98 46 44 23 90 62 89 97 17 5 48 22 78 0 52 91 87 18 93 74 92 15 59 27 21 76 7 61 96 69 57 66 3 55 41 65 64 34 19 85 50 60 79 56 86 26 88 30 11 6 8 24 80 25 54 82 68 33 63 39 67 72 53 84 45 28 49 43 42 1 2 29 38 13 95 70 47 81 40 99 77 51 4 36 94 12 32 75 58 
61 76 22 97 19 85 34 44 90 26 56 11 6 86 8 50 31 57 54 82 60 46 92 10 14 27 16 24 33 80 66 0 73 20 45 58 62 28 68 71 42 67 84 2 5 72 91 48 9 7 29 13 63 83 49 89 39 38 43 35 53 41 74 70 47 40 88 99 1 95 37 18 23 77 78 51 98 55 30 79 96 17 52 4 81 36 87 15 3 93 21 94 12 64 32 65 69 75 25 59 
24 50 80 86 57 68 56 8 6 66 67 27 72 92 76 19 84 63 11 39 49 82 54 61 85 33 43 59 26 53 22 97 34 1 90 0 38 28 46 29 45 44 31 7 91 2 62 42 41 81 88 95 13 77 10 51 5 48 47 30 14 4 36 16 79 94 99 12 74 70 55 71 20 73 89 32 40 9 75 58 96 18 83 78 52 35 3 17 37 23 64 87 65 15 98 21 93 69 25 60 
59 76 85 19 34 26 11 56 22 6 8 97 86 50 44 54 90 82 60 33 57 31 24 92 80 27 46 10 14 16 45 28 42 66 2 67 84 68 0 73 20 72 62 58 13 29 71 49 63 38 5 91 39 48 43 9 70 7 47 40 99 53 83 95 89 77 51 1 41 35 74 88 4 36 81 37 18 30 79 55 23 78 96 98 17 52 94 12 32 87 75 3 15 93 21 64 65 69 25 61 
5 48 0 91 89 46 9 74 7 71 83 18 92 20 27 78 73 96 31 52 90 10 41 55 58 97 66 17 35 16 14 23 44 37 79 22 87 88 3 57 30 15 21 93 64 65 69 98 76 59 60 50 25 61 24 86 80 68 56 19 39 8 63 6 85 53 34 11 26 72 67 54 82 43 1 49 84 33 28 45 38 29 42 2 81 13 95 77 94 51 47 36 4 12 70 99 40 32 75 62 
39 53 68 1 43 72 49 80 67 24 60 66 84 57 81 50 86 38 27 92 94 8 88 56 6 29 12 41 95 75 7 36 33 32 4 30 82 0 54 77 19 76 11 51 79 28 91 26 85 61 45 59 97 46 22 55 47 13 2 62 90 34 5 42 48 74 44 96 31 99 70 89 40 18 10 9 14 71 16 3 20 73 83 64 52 58 78 65 25 87 17 35 15 23 37 21 69 93 98 63 
65 3 25 96 18 69 52 74 55 15 21 87 93 78 89 79 48 30 5 91 17 7 41 88 62 9 83 23 37 0 71 35 46 98 20 73 27 92 66 58 10 31 90 57 16 14 97 44 22 53 39 60 63 68 76 50 24 80 59 86 61 1 72 56 43 19 8 6 49 67 85 11 34 26 84 54 82 33 81 38 29 28 94 45 2 95 12 42 77 36 75 4 32 13 51 47 99 70 40 64 
64 3 25 69 18 52 15 96 21 87 74 93 55 78 89 17 48 79 5 91 30 7 23 41 9 83 62 37 88 0 35 71 98 20 46 73 58 27 92 66 10 31 16 14 90 57 97 44 22 60 53 39 76 68 63 50 59 24 80 61 86 1 72 56 19 43 8 6 49 67 85 11 34 26 84 54 82 33 81 38 28 29 45 94 2 42 95 12 77 13 36 51 75 4 32 47 70 99 40 65 
27 57 92 0 60 7 68 24 80 41 91 88 50 39 63 53 46 62 86 30 79 72 76 5 97 90 48 22 55 56 43 67 74 8 1 49 6 59 31 96 44 61 19 84 89 11 18 10 85 9 71 26 54 82 20 14 16 33 34 73 83 3 52 58 38 78 81 64 29 28 65 45 17 35 87 23 15 37 94 95 25 2 21 69 42 77 93 51 13 36 12 4 98 32 47 75 99 70 40 66 
84 72 49 80 24 43 68 38 29 60 63 86 50 8 1 39 6 33 95 81 56 28 53 82 54 77 51 36 4 57 45 11 19 94 13 2 47 12 26 66 32 85 42 75 76 27 92 99 61 34 70 59 40 22 97 90 0 88 46 44 7 41 91 31 30 62 79 5 10 48 14 16 55 74 96 20 71 89 73 9 58 18 83 3 52 78 35 64 17 65 37 23 87 15 25 21 98 69 93 67 
72 63 80 24 39 60 43 67 49 53 1 50 57 84 66 86 8 27 56 92 6 38 81 33 29 19 82 54 76 11 94 28 95 26 85 88 0 61 59 77 7 41 36 12 4 45 51 97 22 34 91 32 46 75 90 30 2 13 79 47 42 62 44 31 5 55 48 99 70 74 40 10 96 89 14 16 71 18 9 20 73 58 83 3 52 78 64 65 35 17 87 23 37 25 15 21 69 93 98 68 
21 15 87 93 52 65 64 78 3 18 17 25 23 89 96 74 37 83 48 9 5 55 35 98 62 91 71 7 79 41 20 30 0 73 58 88 46 10 31 16 14 27 92 90 66 97 44 22 57 76 59 60 50 61 68 53 39 24 80 63 86 56 19 8 6 85 72 34 1 11 26 43 67 49 54 82 84 33 81 38 28 45 29 42 2 94 95 13 77 12 51 36 4 47 75 32 70 99 40 69 
40 99 13 47 2 42 45 28 29 51 77 95 33 82 38 54 4 36 84 11 6 8 26 67 56 85 19 34 86 32 49 12 50 24 80 72 75 81 61 60 94 43 68 76 59 1 63 57 39 53 22 97 66 92 27 90 44 31 46 0 10 14 16 62 7 91 88 41 20 73 5 58 71 48 30 79 9 89 74 55 83 96 18 35 78 37 52 23 17 3 98 87 64 15 65 21 93 69 25 70 
20 73 9 58 83 35 10 16 14 89 46 62 37 31 5 48 23 17 78 98 90 44 0 97 52 91 18 74 22 87 15 93 92 21 27 7 96 69 59 3 55 76 57 41 66 65 64 61 79 88 30 60 50 25 19 86 85 34 56 24 26 8 80 6 11 68 54 82 63 39 53 33 72 67 84 43 49 1 45 28 42 2 29 38 13 81 95 47 77 70 51 99 40 4 36 94 12 32 75 71 
49 43 67 68 63 84 80 39 1 24 53 60 38 81 50 86 29 57 8 94 6 95 56 66 33 36 77 12 4 82 51 54 28 32 75 27 11 19 92 45 76 47 13 26 2 85 61 42 34 59 99 88 70 0 22 41 97 7 40 90 46 30 91 79 44 62 31 5 55 48 74 10 96 14 16 89 71 20 18 9 73 58 83 3 52 78 64 65 35 17 87 23 37 25 15 21 69 93 98 72 
20 58 71 10 16 14 35 9 31 83 46 37 44 90 98 62 23 89 5 97 48 17 22 78 0 52 91 18 92 74 87 27 93 15 59 76 21 7 61 96 57 69 66 55 3 41 65 64 19 34 50 85 60 79 88 56 86 30 26 11 6 8 24 80 25 68 54 82 33 63 39 53 67 72 84 45 49 43 28 42 1 2 29 38 13 95 81 47 70 77 40 99 51 4 36 94 12 32 75 73 
18 96 48 91 55 5 89 7 3 52 62 41 79 64 0 78 65 30 9 87 15 88 83 21 69 17 25 93 46 71 23 27 92 37 66 20 35 73 58 31 10 90 57 97 98 16 14 44 22 60 76 68 50 39 53 59 24 63 80 86 61 56 72 19 8 6 1 43 85 67 11 49 34 26 84 54 82 33 81 38 28 29 45 94 2 42 95 13 77 12 51 36 4 75 32 47 70 99 40 74 
32 12 94 81 36 4 95 77 51 38 49 43 1 29 84 72 67 47 63 39 53 68 13 99 28 80 24 70 2 45 33 40 60 86 82 8 50 42 54 6 56 11 57 19 66 26 85 27 34 76 92 61 59 88 41 22 30 7 0 97 79 90 91 46 44 62 55 31 5 48 74 96 10 14 16 89 18 71 20 9 73 3 58 83 64 52 78 65 25 35 17 87 15 23 37 21 69 93 98 75 
59 61 22 19 97 85 56 86 34 50 26 90 11 6 8 44 57 60 92 27 31 54 24 82 46 80 33 10 66 14 16 0 68 67 84 45 62 28 20 73 72 42 71 58 2 91 5 63 48 7 49 39 29 9 43 13 53 38 89 83 41 88 1 74 35 47 70 95 99 40 77 30 51 79 55 18 96 37 78 23 81 4 17 52 36 98 87 3 94 12 15 32 93 21 75 64 65 69 25 76 
51 95 4 36 29 38 47 13 99 84 32 12 28 70 75 2 67 40 81 45 94 49 33 42 72 43 82 54 80 8 6 24 1 68 86 56 11 50 63 60 39 19 26 53 85 34 57 61 76 59 66 27 92 22 97 90 44 0 46 88 31 7 41 91 30 62 10 79 14 16 5 48 55 74 20 73 71 58 89 96 9 18 83 3 35 52 78 64 37 17 23 65 87 15 98 25 21 93 69 77 
52 17 87 15 93 89 21 23 83 18 9 37 69 48 5 35 74 71 3 65 62 96 98 64 20 91 73 58 55 0 25 7 46 10 41 79 16 31 14 30 90 88 92 27 44 97 22 66 57 76 59 60 61 50 24 86 80 68 19 56 39 53 63 85 8 34 6 26 11 72 67 54 82 1 43 49 84 33 28 45 38 29 42 81 2 13 95 94 77 51 47 36 4 12 70 99 32 75 40 78 
30 41 88 55 7 96 91 74 3 18 0 64 5 48 66 62 65 25 89 27 52 92 78 57 46 69 87 15 9 53 21 39 83 63 93 17 68 71 60 23 90 20 80 24 97 31 37 1 73 50 35 22 10 72 58 43 44 76 86 14 16 49 67 59 98 56 8 61 6 84 19 11 81 85 26 34 54 82 33 38 94 29 28 12 45 95 75 32 36 77 4 51 2 42 13 47 99 70 40 79 
24 60 68 50 86 67 72 57 84 8 56 6 63 49 43 39 66 53 19 82 33 54 27 11 92 76 1 38 26 85 29 61 28 59 34 45 81 22 97 95 2 0 77 90 13 51 42 46 4 36 47 44 94 7 88 12 41 91 31 62 32 99 75 70 30 40 5 79 10 48 14 16 55 74 71 20 89 73 96 9 58 18 83 3 52 78 35 64 17 37 23 65 87 15 21 98 25 93 69 80 
94 12 75 32 49 43 1 36 38 72 4 67 84 95 63 77 39 51 53 29 68 80 24 47 60 28 50 86 13 33 8 45 6 99 2 82 56 54 57 66 70 42 40 11 19 27 26 92 85 76 88 34 61 41 59 30 7 0 79 22 97 91 90 46 44 55 62 31 5 48 74 96 10 89 14 16 18 71 9 20 3 73 58 83 64 52 78 65 25 35 87 17 15 23 37 21 69 93 98 81 
54 33 11 6 8 56 26 19 45 85 28 86 34 42 2 50 61 13 84 24 29 76 80 60 67 59 38 70 47 99 40 72 57 95 68 77 51 49 22 97 43 92 4 27 90 63 44 36 66 39 1 81 53 31 46 12 94 32 0 10 14 16 75 62 91 7 20 73 5 58 71 41 88 48 9 89 30 79 74 83 55 35 96 18 78 37 23 52 17 98 3 87 15 64 65 21 93 69 25 82 
9 71 35 23 37 89 17 78 20 73 48 58 5 98 62 52 87 93 18 15 21 10 46 74 16 14 31 0 91 69 96 90 3 7 44 65 97 64 55 92 22 27 41 79 25 30 66 88 57 59 76 61 60 50 86 19 24 56 85 80 34 8 6 68 26 11 39 63 53 54 82 72 67 33 43 84 49 1 45 28 42 2 38 29 81 13 95 77 47 51 70 94 99 4 36 40 12 32 75 83 
67 38 72 49 29 80 24 43 68 95 33 86 28 8 50 60 77 6 82 51 54 56 63 81 45 4 36 1 13 39 47 2 11 19 53 94 42 12 57 26 32 99 85 75 70 76 40 34 66 61 27 92 59 22 97 90 0 44 46 88 7 31 41 91 62 30 79 10 5 14 16 48 55 74 20 71 73 89 96 9 58 18 83 3 52 78 35 64 17 37 23 65 87 15 98 25 21 93 69 84 
26 34 19 11 61 56 6 54 8 82 59 76 86 33 50 45 22 60 42 28 24 97 2 80 44 57 90 84 67 13 92 31 27 29 68 46 72 70 66 38 10 14 40 16 47 99 49 95 0 63 43 77 51 39 73 20 62 53 58 4 71 1 36 91 5 7 81 48 9 41 89 83 88 12 94 32 74 35 75 30 79 55 18 96 37 78 23 98 17 52 87 3 15 93 21 64 65 69 25 85 
50 8 56 6 60 24 80 19 11 54 82 76 85 26 33 57 61 67 84 34 59 68 72 28 92 27 45 22 66 49 97 29 63 2 38 43 42 90 39 44 13 53 46 1 95 31 0 47 77 51 70 99 81 4 10 40 36 62 14 16 7 91 41 94 88 5 12 48 20 32 73 71 75 58 30 79 9 89 74 55 83 96 18 35 78 52 37 23 3 17 98 87 64 15 65 21 93 69 25 86 
15 21 93 52 78 69 17 18 23 65 89 37 3 83 64 9 74 48 96 35 5 25 98 62 71 55 91 20 73 7 58 0 79 46 41 30 10 88 16 14 31 92 27 90 44 97 66 22 57 76 59 60 61 50 24 68 80 86 39 53 63 56 19 85 8 6 34 26 11 72 1 67 43 54 82 49 84 33 28 45 38 81 29 42 2 13 94 95 77 51 36 12 4 47 75 32 70 99 40 87 
41 30 79 7 55 91 96 66 74 0 27 5 92 48 62 18 3 57 53 64 39 89 63 65 46 68 25 52 60 9 78 80 24 1 87 50 83 15 72 69 43 71 90 97 21 31 17 22 49 86 20 93 76 67 10 44 73 23 37 58 56 35 59 14 16 8 84 6 61 19 81 11 85 98 26 54 82 34 38 33 94 29 28 12 95 45 75 32 36 77 4 51 2 42 13 47 99 70 40 88 
48 5 9 78 62 18 83 74 52 17 91 71 87 23 96 15 0 37 20 35 21 93 46 7 3 73 55 69 58 65 64 41 10 98 31 79 16 92 14 27 90 30 88 25 97 44 66 22 57 76 59 60 61 50 24 80 86 68 56 19 39 63 53 8 85 6 34 26 11 72 67 54 82 43 1 49 84 33 28 45 38 29 81 42 2 13 95 94 77 51 47 36 4 12 70 99 32 75 40 89 
97 44 22 31 46 10 14 16 59 76 92 61 20 73 27 0 71 58 62 57 5 9 19 50 48 85 34 66 56 60 86 91 83 26 89 11 6 8 35 7 24 80 74 54 37 82 23 78 41 18 68 17 98 33 52 96 88 55 67 79 30 87 72 63 84 39 15 93 45 3 53 21 28 49 42 43 69 2 64 65 1 29 38 13 25 95 47 70 77 99 40 81 51 4 36 94 12 32 75 90 
7 0 5 48 62 74 41 55 96 89 18 79 88 30 27 92 46 66 9 3 52 78 83 71 57 64 65 20 90 87 31 15 17 97 73 10 21 23 69 58 22 93 37 44 35 25 14 16 60 76 50 68 24 80 39 53 59 63 98 86 61 56 72 8 19 6 1 43 85 67 11 49 26 34 84 54 82 33 38 81 28 29 45 2 42 94 95 13 77 51 12 36 4 47 75 32 70 99 40 91 
27 57 66 0 46 60 97 90 91 62 7 22 50 76 24 5 31 80 44 86 48 41 59 68 88 61 56 10 8 74 19 89 6 63 71 14 39 30 16 79 9 20 55 53 73 85 11 72 96 26 18 67 58 83 34 54 82 43 84 49 33 1 78 52 35 3 17 23 37 87 64 15 28 65 38 45 29 21 93 98 69 81 2 42 25 13 95 77 51 94 47 36 4 12 70 99 32 40 75 92 
21 15 87 69 17 78 52 23 37 18 65 83 89 64 3 9 35 98 74 48 96 5 25 71 62 20 55 73 91 58 7 0 46 79 41 10 30 16 14 31 88 90 92 27 44 97 66 22 57 76 59 60 61 50 24 80 68 86 39 53 19 56 63 85 8 34 6 26 11 72 1 67 43 54 82 49 84 33 28 45 38 81 29 42 2 13 95 94 77 51 47 36 4 12 70 99 32 75 40 93 
12 81 75 32 36 4 49 43 1 38 95 77 51 72 67 84 29 63 39 53 68 47 80 24 28 13 99 60 33 45 50 86 2 70 8 82 6 54 40 56 42 57 66 11 19 26 27 85 92 76 34 88 61 59 41 30 7 0 79 22 97 91 90 46 44 55 62 31 5 48 74 96 10 14 89 16 18 71 9 20 3 73 58 83 64 52 65 78 25 35 87 17 15 23 37 69 21 93 98 94 
77 51 4 38 29 36 47 84 13 99 32 12 28 67 75 70 81 2 49 94 45 40 33 72 43 42 82 54 80 8 24 6 1 68 86 56 63 50 11 60 39 19 26 53 85 34 57 61 76 66 59 27 92 22 97 90 44 0 46 88 31 7 41 91 30 62 10 79 14 16 5 48 55 74 20 71 73 89 96 58 9 18 83 3 52 78 35 64 37 17 23 65 87 15 98 25 21 93 69 95 
55 74 3 18 64 79 91 7 65 41 30 48 52 5 89 25 88 62 78 87 15 69 0 21 9 93 17 83 23 46 27 71 66 92 37 35 20 73 57 58 31 10 90 98 97 16 14 44 22 60 53 39 68 63 76 50 24 80 59 86 61 1 72 56 43 8 19 6 49 67 85 11 26 84 34 54 82 33 81 38 29 28 45 94 2 95 42 12 77 36 13 51 4 75 32 47 99 70 40 96 
90 22 44 31 46 59 76 10 14 16 61 92 27 57 0 20 73 62 19 71 58 50 85 34 56 86 60 26 66 5 11 6 8 9 48 91 24 83 80 89 7 54 82 35 68 74 33 41 37 23 78 18 17 67 98 88 96 72 52 55 84 63 39 79 30 45 28 53 87 42 49 15 43 2 3 93 21 29 1 38 69 13 64 65 95 47 70 77 99 40 25 51 81 4 36 94 12 32 75 97 
35 37 23 17 83 58 71 9 73 20 78 93 87 15 89 21 52 16 10 14 48 69 5 62 18 31 46 74 44 90 0 65 91 3 96 97 64 22 7 55 92 25 27 41 59 79 76 30 66 57 88 61 60 50 34 19 85 86 56 26 24 11 6 8 80 68 54 82 39 63 53 33 72 67 84 43 49 1 45 28 42 2 29 38 13 81 95 47 70 77 40 99 51 4 94 36 12 32 75 98 
70 40 47 13 2 28 42 45 51 29 77 95 33 38 4 36 82 54 84 67 11 6 8 26 56 32 19 85 86 12 49 34 75 72 80 24 81 50 94 43 60 68 61 76 59 1 63 39 57 53 22 66 97 92 27 90 44 31 46 0 10 14 16 7 62 91 88 41 5 20 73 48 58 71 30 79 9 74 89 55 83 96 18 35 78 52 37 23 3 17 98 87 64 15 65 21 93 69 25 99 