1
100
22141
1 3140 1401
2 556 1056
3 3675 1522
4 1182 1853
5 3595 111
6 962 1895
7 2030 1186
8 3507 1851
9 2642 1269
10 3438 901
11 3858 1472
12 2937 1568
13 376 1018
14 839 1355
15 706 1925
16 749 920
17 298 615
18 694 552
19 387 190
20 2801 695
21 3133 1143
22 1517 266
23 1538 224
24 844 520
25 2639 1239
26 3123 217
27 2489 1520
28 3834 1827
29 3417 1808
30 2938 543
31 71 1323
32 3245 1828
33 731 1741
34 2312 1270
35 2426 1851
36 380 478
37 2310 635
38 2830 775
39 3829 513
40 3684 445
41 171 514
42 627 1261
43 1490 1123
44 61 81
45 422 542
46 2698 1221
47 2372 127
48 177 1390
49 3084 748
50 1213 910
51 3 1817
52 1782 995
53 3896 742
54 1829 812
55 1286 550
56 3017 108
57 2132 1432
58 2000 1110
59 3317 1966
60 1729 1498
61 2408 1747
62 3292 152
63 193 1210
64 782 1462
65 2503 352
66 1697 1924
67 3821 147
68 3370 791
69 3162 367
70 3938 516
71 2741 1583
72 2330 741
73 3918 1088
74 1794 1589
75 2929 485
76 3453 1998
77 896 705
78 399 850
79 2614 195
80 2800 653
81 2630 20
82 563 1513
83 1090 1652
84 2009 1163
85 3876 1165
86 3084 774
87 1526 1612
88 1612 328
89 1423 1322
90 3058 1276
91 3782 1865
92 347 252
93 3904 1444
94 2191 1579
95 3220 1454
96 468 319
97 3611 1968
98 3114 1629
99 3515 1892
100 3060 155
EOF

94 89 97 20 11 70 31 45 28 8 24 2 7 9 58 98 85 67 48 26 75 37 10 96 92 84 19 90 60 27 79 33 72 34 29 74 93 52 56 68 71 39 38 36 6 83 57 25 69 64 99 61 55 78 73 4 59 51 66 53 80 46 65 86 42 88 87 21 22 49 3 54 82 5 13 76 63 32 15 23 14 41 81 17 1 12 77 44 95 35 16 62 47 18 91 30 40 50 43 0 
12 41 15 77 62 13 81 63 76 47 16 17 44 30 35 23 40 49 32 95 82 91 14 18 54 88 5 42 50 3 43 86 51 21 59 87 22 53 73 65 57 83 6 56 93 33 71 36 60 26 34 46 64 24 8 45 78 70 19 79 37 80 11 29 74 89 85 48 20 0 97 55 99 94 68 25 31 67 61 9 58 28 75 7 98 2 4 39 96 38 84 90 10 52 72 27 92 66 69 1 
10 92 27 90 7 28 98 84 96 94 72 75 31 0 58 97 20 89 9 11 67 52 70 85 48 38 45 69 8 24 39 37 26 19 29 79 68 74 60 34 66 33 4 25 61 93 99 56 71 55 36 64 6 78 83 57 80 73 46 59 51 53 65 86 42 88 87 21 22 3 49 54 82 5 13 63 76 32 15 14 23 41 81 17 1 12 77 44 95 35 62 16 47 18 91 30 40 50 43 2 
82 5 86 32 14 65 63 88 13 59 73 81 42 41 49 1 15 56 93 51 83 6 57 47 12 50 62 76 53 30 60 34 33 77 54 26 23 17 44 16 8 24 70 87 35 71 21 45 36 22 40 95 11 91 18 97 89 37 19 64 0 79 31 20 94 46 43 58 85 29 78 48 74 28 75 7 98 80 67 96 9 68 2 55 99 25 90 27 10 61 92 84 72 39 52 38 4 69 66 3 
66 61 39 38 25 68 69 99 55 52 67 74 29 9 48 85 79 80 78 19 37 72 84 64 20 46 89 0 92 10 36 94 2 71 45 24 8 97 11 70 28 33 27 7 31 90 98 26 96 58 57 75 6 53 83 56 87 51 60 93 22 21 34 59 73 42 54 88 49 86 65 76 23 17 82 15 3 13 63 95 5 1 41 44 18 35 91 77 32 16 81 12 14 40 43 62 47 30 50 4 
3 14 82 32 63 81 13 86 41 88 65 59 73 1 47 42 50 15 49 62 12 30 77 76 51 56 93 83 6 57 17 23 54 53 16 60 44 34 33 35 26 40 95 87 21 91 22 71 8 18 24 70 36 45 11 43 97 37 64 89 19 79 0 46 31 20 94 58 78 29 85 48 74 28 75 80 7 98 67 96 9 68 55 99 25 2 90 27 61 10 92 84 72 39 52 4 38 69 66 5 
83 57 56 33 51 53 93 59 73 71 42 26 24 8 36 88 86 45 60 34 65 70 49 37 19 79 87 64 54 11 89 82 21 3 22 20 29 46 0 85 74 48 78 97 13 94 76 63 5 15 80 23 31 67 68 41 32 9 99 25 55 17 1 81 58 14 28 7 61 75 98 12 77 2 44 96 95 35 39 16 62 84 10 47 90 72 92 4 27 52 18 38 91 30 40 69 66 50 43 6 
98 28 75 96 58 31 90 27 2 97 94 10 92 0 11 89 84 20 70 72 9 45 8 24 67 26 34 60 85 52 48 37 33 93 19 38 79 69 39 29 56 74 68 71 6 83 25 57 36 61 66 73 4 99 64 55 65 59 78 51 53 86 80 46 42 88 3 82 87 49 21 5 22 54 13 63 32 14 76 15 41 81 23 1 17 12 77 44 47 62 95 35 16 30 50 18 91 40 43 7 
24 45 26 70 33 89 11 20 0 37 60 56 93 97 19 94 71 6 34 79 83 57 85 48 36 29 31 74 67 9 51 73 64 53 59 28 58 68 7 2 98 78 75 65 25 42 86 46 99 96 55 88 10 84 80 92 90 72 61 27 39 52 87 38 49 69 4 21 22 54 3 82 66 5 13 76 63 15 23 32 41 14 17 81 1 12 77 44 95 35 16 62 47 18 91 30 40 50 43 8 
67 85 48 20 52 84 72 39 89 38 0 94 68 29 37 69 74 2 19 79 10 92 25 61 97 4 45 11 99 66 24 8 55 28 31 7 70 98 27 90 58 96 64 78 75 71 26 36 33 80 46 60 34 56 93 6 57 83 53 51 73 59 87 42 22 65 21 86 88 54 49 3 82 76 23 13 5 15 63 17 32 41 1 14 81 95 44 77 12 35 18 16 91 62 40 47 30 43 50 9 
92 2 84 27 72 90 7 98 28 96 94 75 9 31 0 52 58 97 20 89 67 11 38 69 39 85 48 70 45 8 24 37 68 29 19 66 79 74 26 4 61 25 60 34 99 33 55 93 71 56 64 36 78 6 83 57 80 46 73 59 51 53 65 86 42 88 87 21 22 3 49 54 82 5 13 76 63 32 15 23 14 41 17 81 1 12 77 44 95 35 16 62 47 18 91 30 40 50 43 10 
97 70 0 94 89 31 8 45 24 26 20 28 58 60 34 7 98 75 33 2 93 96 37 85 56 48 9 19 67 90 79 10 27 92 6 83 84 29 71 57 74 72 36 73 59 68 52 51 65 64 53 39 25 38 78 86 99 69 61 55 42 88 46 80 4 66 3 87 49 82 21 22 54 5 13 63 32 76 14 15 41 23 81 1 17 12 77 44 47 62 95 35 16 30 18 91 50 40 43 11 
77 1 62 41 15 16 47 30 44 81 35 40 17 13 63 76 23 95 91 32 18 49 50 82 14 43 54 5 88 42 3 86 21 51 22 87 59 53 73 65 57 83 6 56 93 33 36 71 60 26 46 34 64 24 8 45 78 70 19 79 80 37 29 74 11 89 85 48 20 0 55 97 99 25 68 94 31 67 61 9 58 28 75 7 98 2 4 39 96 38 84 90 10 52 72 27 66 92 69 12 
63 41 81 82 32 1 15 5 12 49 14 88 3 76 62 47 77 42 86 30 17 23 59 44 16 54 50 73 35 51 65 40 95 53 83 57 6 91 18 21 87 56 22 93 33 43 71 60 36 26 34 24 8 45 70 64 46 19 37 79 11 78 89 80 29 74 97 0 20 85 48 94 31 55 68 99 25 58 67 28 9 75 7 98 61 96 2 39 90 10 4 27 84 92 72 38 52 69 66 13 
32 5 81 63 82 3 13 41 50 47 30 86 62 1 88 12 65 15 59 77 42 49 73 76 16 17 23 44 51 35 54 40 56 83 6 93 57 53 95 60 91 34 33 18 26 87 21 22 43 71 8 24 36 70 45 11 64 37 97 19 89 79 46 0 31 20 94 78 58 29 85 74 48 80 28 75 7 98 67 96 68 9 55 99 25 2 90 27 61 10 92 84 72 39 52 4 38 69 66 14 
1 76 77 41 17 12 23 13 49 44 63 16 35 81 62 54 95 40 47 42 91 88 30 82 18 32 5 14 21 3 51 86 87 22 43 53 59 50 73 57 83 6 65 56 93 36 71 33 46 26 64 60 24 34 8 45 78 19 79 80 37 70 29 74 11 89 85 48 20 55 99 0 97 25 68 94 67 31 61 9 58 28 7 75 98 4 39 2 96 38 84 52 10 66 72 90 92 69 27 15 
44 35 40 77 95 91 17 12 18 1 15 23 43 62 76 41 30 47 13 81 49 63 54 32 50 21 42 22 82 88 87 14 5 3 51 53 86 59 57 73 83 6 65 56 36 71 33 93 46 64 78 26 60 80 24 8 34 45 79 19 37 70 74 29 55 48 85 99 11 89 25 68 20 0 97 61 94 67 9 31 58 4 28 39 7 75 98 2 38 66 96 52 84 69 72 10 92 90 27 16 
23 76 44 35 95 15 16 77 91 18 1 40 12 54 49 41 43 13 62 21 22 63 87 81 42 47 30 88 53 82 51 32 86 5 14 3 59 57 50 83 6 73 36 71 56 65 46 33 93 64 78 80 26 24 8 60 79 19 45 37 34 74 29 70 55 48 99 85 25 11 89 68 20 0 61 97 94 67 9 31 4 58 39 28 7 75 98 2 38 66 52 84 96 69 72 10 92 90 27 17 
91 95 35 43 44 40 16 17 23 77 76 15 12 1 54 62 49 41 21 22 30 47 87 13 63 81 42 88 53 32 51 82 50 14 5 86 3 57 59 83 6 36 73 46 71 64 56 65 33 78 80 93 79 19 24 26 8 37 45 60 74 29 34 55 99 70 25 48 85 68 89 11 61 20 0 67 97 94 9 4 31 39 58 66 28 38 7 2 52 75 98 69 84 72 96 10 92 90 27 18 
79 37 29 74 48 85 64 71 68 36 78 45 20 24 25 67 8 99 55 89 9 80 46 61 33 0 94 26 11 70 57 6 39 83 53 97 4 56 38 51 93 52 60 69 66 84 72 2 34 31 87 28 10 92 59 73 22 21 7 58 42 98 75 96 88 54 90 27 86 49 65 76 82 23 3 15 13 17 63 5 41 1 32 95 81 44 77 14 35 12 18 91 16 40 62 47 30 43 50 19 
89 0 94 85 9 48 67 45 11 37 97 24 8 19 70 79 29 2 74 31 28 84 26 68 72 10 7 92 33 98 58 52 39 71 75 25 38 60 96 36 90 27 99 34 61 64 69 93 55 56 78 6 83 4 57 66 80 46 53 51 73 59 65 42 86 88 87 21 22 49 54 3 82 76 5 13 23 63 15 32 41 17 14 1 81 77 12 44 95 35 16 18 91 62 47 40 30 50 43 20 
22 87 54 53 49 23 76 51 42 46 17 36 71 57 64 15 83 95 6 88 78 44 18 80 35 91 1 59 77 16 33 13 56 41 79 86 73 19 12 40 63 37 74 29 82 43 93 24 8 55 45 99 81 26 25 3 62 48 85 68 65 32 5 60 47 61 30 70 34 20 89 14 67 11 0 9 94 4 97 50 39 66 38 31 52 69 28 58 2 84 72 7 98 75 10 92 96 90 27 21 
21 87 54 53 23 49 76 51 46 36 42 17 71 64 57 83 15 95 78 6 88 80 18 44 35 91 1 59 16 77 33 13 79 56 19 41 86 73 40 37 12 74 29 63 43 55 24 82 93 8 99 45 25 26 81 68 48 85 3 62 65 32 60 61 5 47 70 30 20 89 34 14 67 11 0 9 4 94 97 39 50 66 38 31 52 69 28 58 2 84 72 7 98 75 10 92 96 90 27 22 
17 76 15 44 95 54 35 49 16 77 18 91 1 40 12 21 22 41 87 13 42 43 63 62 88 53 81 51 47 30 82 32 86 57 59 83 6 3 5 14 73 36 71 50 46 56 65 33 64 93 78 80 26 24 8 79 19 45 60 37 34 74 29 70 55 99 48 85 25 68 89 11 20 0 61 97 67 94 9 31 4 39 58 28 7 38 75 66 2 98 52 69 84 96 72 10 92 90 27 23 
8 45 26 33 70 89 11 37 20 0 56 60 93 19 71 79 6 97 94 83 85 34 57 48 36 29 74 31 67 9 51 64 73 53 59 28 58 68 78 7 2 98 75 25 46 42 99 65 86 55 96 80 88 84 10 61 92 72 90 39 27 52 87 38 49 4 21 69 22 54 3 82 66 5 13 76 63 15 23 32 41 14 17 1 81 12 77 44 95 35 16 62 47 18 91 30 40 50 43 24 
99 55 68 61 74 29 4 78 80 48 79 85 19 39 67 37 64 66 9 46 38 69 36 20 52 71 89 45 24 8 72 0 84 94 33 11 97 2 70 53 57 26 10 92 6 83 87 51 56 22 21 31 28 93 7 60 98 27 58 90 34 75 96 42 54 59 73 88 49 86 65 76 23 17 15 82 3 13 63 95 1 41 44 5 18 35 91 77 32 16 12 81 14 40 43 62 47 30 50 25 
60 70 8 93 33 24 34 45 56 11 6 83 89 97 57 0 73 94 20 59 71 31 37 51 19 65 36 79 58 85 86 53 28 48 7 29 42 75 88 98 74 9 67 64 2 96 78 68 90 3 10 27 46 82 49 92 84 25 87 99 72 55 80 54 5 61 21 22 39 52 13 38 63 69 32 76 4 14 15 41 66 23 81 1 17 12 77 44 47 62 95 35 16 30 18 91 50 40 43 26 
90 96 98 7 2 10 92 28 75 58 31 84 94 72 97 0 11 89 20 9 52 70 67 45 85 38 48 69 8 24 26 39 34 60 37 19 79 29 68 74 33 93 66 4 56 25 61 99 71 55 6 36 83 57 64 78 73 59 65 80 51 46 53 86 42 88 3 87 82 49 21 22 54 5 13 63 32 14 76 15 41 23 81 1 17 12 77 44 47 95 62 35 16 30 18 91 50 40 43 27 
7 98 31 58 75 96 97 90 2 94 27 0 11 10 92 89 70 20 84 72 9 45 8 24 26 34 60 67 85 48 52 37 33 93 19 79 56 29 38 39 69 74 68 6 71 83 57 36 25 73 61 99 4 66 59 64 65 55 78 51 53 86 80 46 42 88 3 82 87 49 21 5 22 54 13 63 32 14 76 15 41 81 23 1 17 12 77 44 47 62 95 35 16 30 50 18 91 40 43 28 
74 79 19 48 37 85 68 25 99 55 64 78 67 61 80 9 20 36 71 46 45 89 39 24 8 4 0 38 94 33 66 52 69 11 70 26 57 97 6 83 72 84 53 56 2 51 93 10 60 31 92 87 28 34 7 22 21 98 58 59 75 73 42 27 90 96 54 88 49 86 65 76 23 82 3 15 17 13 63 5 41 1 95 32 44 77 35 81 18 12 91 14 16 40 62 47 43 30 50 29 
47 62 12 50 81 1 41 77 63 16 13 32 15 40 44 14 35 17 76 5 82 95 91 23 18 49 3 43 88 42 54 86 59 65 51 73 21 53 22 87 57 83 6 56 93 33 71 36 60 34 26 24 8 46 64 45 70 78 19 79 37 80 11 29 74 89 97 85 20 48 0 94 55 99 31 68 25 58 67 28 9 61 75 7 98 96 2 39 4 90 10 27 84 92 38 72 52 66 69 30 
58 28 97 7 75 98 94 96 11 0 2 90 70 89 27 20 10 92 26 45 34 8 60 24 84 9 72 67 85 93 33 48 37 56 19 79 52 29 6 74 83 71 57 38 39 68 73 69 36 65 59 25 64 61 99 51 86 55 53 78 4 66 42 88 80 46 3 82 87 49 5 21 54 22 13 63 32 14 76 15 41 81 23 1 17 12 77 47 44 62 95 35 16 30 50 18 91 40 43 31 
14 5 81 63 82 13 3 41 47 1 50 62 30 12 86 88 15 77 49 42 65 59 76 73 17 16 23 44 51 35 54 40 83 6 57 56 53 95 93 91 18 33 87 21 60 34 22 26 43 71 36 8 24 70 45 11 64 46 37 19 79 89 97 0 78 20 94 29 31 74 85 48 80 58 28 75 7 98 68 67 55 99 9 25 96 2 61 90 27 10 92 84 39 72 4 52 38 69 66 32 
56 6 26 83 24 8 93 57 45 60 71 70 34 51 73 59 36 53 11 37 89 19 79 20 42 0 86 97 88 65 85 94 48 64 29 74 31 78 46 49 67 87 9 58 28 68 54 3 82 21 80 22 7 25 99 75 98 55 2 13 96 61 5 76 63 10 84 90 39 92 15 72 27 23 32 52 41 38 4 14 81 1 17 69 66 12 77 44 95 35 16 62 47 18 91 30 40 50 43 33 
60 26 93 70 56 11 33 8 24 73 45 97 65 6 59 83 31 0 89 57 94 58 86 28 20 75 51 7 98 71 88 37 42 96 53 19 36 3 79 85 48 2 82 90 9 29 27 67 74 5 10 64 92 49 84 68 13 78 72 63 32 14 46 87 54 25 99 21 55 52 80 22 39 41 81 61 76 15 38 69 1 23 4 17 66 12 77 47 62 44 30 50 16 35 95 40 91 18 43 34 
44 16 95 40 91 18 17 77 23 43 12 76 15 1 62 41 30 54 47 49 13 81 63 21 22 87 42 32 88 82 50 14 53 51 5 3 86 59 57 83 6 73 36 65 71 56 46 33 93 64 78 80 26 24 60 8 79 19 45 34 37 74 29 70 55 99 48 85 25 11 68 89 20 0 61 97 94 67 9 31 4 58 39 28 7 75 98 38 2 66 52 69 96 84 72 10 92 90 27 35 
71 64 79 19 46 53 78 37 57 83 6 29 33 74 51 24 80 45 8 87 48 85 56 21 22 55 99 68 26 25 93 42 20 89 54 59 70 67 73 61 60 88 11 0 49 9 34 94 86 97 39 4 76 65 23 31 38 15 66 82 52 28 17 2 69 13 84 3 58 72 7 63 98 10 75 92 41 1 5 96 95 44 90 77 32 27 35 81 12 18 91 16 14 40 62 47 43 30 50 36 
19 79 85 48 29 74 45 20 71 24 68 8 64 36 67 89 78 9 25 99 55 0 33 61 80 94 46 11 70 26 57 6 97 83 39 56 53 4 93 38 60 52 51 84 2 31 72 69 34 66 28 10 92 7 58 87 98 59 73 75 42 22 21 96 90 27 88 86 54 65 49 76 82 3 23 13 15 17 63 5 41 1 32 81 95 14 44 77 12 35 18 16 91 40 62 47 30 43 50 37 
69 39 52 66 4 67 9 72 61 84 68 25 48 85 99 29 74 55 92 20 10 2 37 79 19 89 94 0 78 80 27 97 45 64 90 28 7 11 24 8 98 31 96 46 71 36 70 75 58 26 33 60 6 57 56 83 34 93 53 51 87 73 22 59 21 42 88 54 86 65 49 76 82 3 23 13 15 17 5 63 41 1 32 95 44 81 14 77 35 18 12 91 16 40 62 47 43 30 50 38 
38 69 66 4 52 67 61 9 68 25 48 72 85 99 84 55 29 74 20 79 37 19 92 89 10 2 78 0 94 80 64 45 24 97 8 11 46 71 36 28 27 7 90 31 98 70 96 58 75 33 26 57 6 83 60 56 93 34 53 51 87 22 21 73 59 42 54 88 86 65 49 76 23 82 3 15 13 17 63 5 41 1 95 32 44 81 35 18 77 14 91 12 16 40 62 47 43 30 50 39 
16 35 44 91 95 18 77 43 17 12 1 23 62 15 76 30 41 47 81 13 49 54 63 50 32 21 22 42 87 82 88 14 5 3 51 53 86 59 57 73 83 6 65 36 56 71 46 33 93 64 78 80 26 60 24 8 34 45 79 19 37 74 29 70 55 99 48 85 11 25 89 68 20 0 61 97 94 67 9 31 4 58 28 39 7 75 98 2 38 66 52 96 84 69 72 10 92 90 27 40 
1 13 63 81 12 15 62 47 77 32 30 82 76 14 49 17 5 16 44 23 88 3 35 50 42 40 95 86 54 91 18 59 51 73 65 53 43 21 87 22 57 83 6 56 93 33 71 36 60 26 34 24 8 45 46 64 70 19 78 37 79 11 80 29 74 89 85 20 48 97 0 94 55 99 31 68 25 58 67 9 28 61 75 7 98 2 96 39 4 90 10 84 27 92 38 72 52 66 69 41 
88 51 49 59 53 86 57 83 6 73 54 82 13 56 76 15 63 3 87 65 33 93 21 41 23 22 71 5 1 36 32 17 81 26 60 12 14 77 24 8 34 45 44 64 35 16 62 95 46 70 47 19 37 79 30 91 18 40 78 11 29 74 89 80 85 48 50 20 0 97 94 43 55 68 99 25 31 67 9 58 28 61 7 75 98 2 96 39 4 84 10 90 38 72 92 52 27 69 66 42 
91 18 40 95 35 16 44 17 77 23 12 76 15 1 62 30 41 54 47 49 21 22 13 81 63 87 50 42 32 88 82 53 51 14 5 3 86 59 57 83 6 73 46 36 71 64 65 56 33 78 80 93 79 19 26 24 8 37 45 60 74 29 34 55 99 25 70 48 85 68 89 61 11 20 0 67 97 94 9 4 31 39 66 58 28 38 7 2 52 75 98 69 84 72 96 10 92 90 27 43 
35 16 95 40 17 91 77 18 23 12 15 76 1 43 62 41 30 54 49 47 13 81 63 21 22 87 42 32 88 82 50 14 51 53 5 3 86 59 57 83 73 6 65 36 71 56 46 33 93 64 78 80 26 60 24 8 45 79 19 34 37 74 29 70 55 99 48 85 11 25 89 68 20 0 61 97 94 67 9 31 4 58 28 39 7 75 98 2 38 66 52 96 84 69 72 10 92 90 27 44 
24 8 89 26 70 33 11 20 37 0 19 94 79 97 85 60 56 71 48 93 6 34 83 36 57 29 74 67 9 31 64 28 51 53 58 68 73 59 2 7 78 98 75 25 99 46 55 84 96 10 80 42 61 65 92 72 86 39 90 88 27 52 38 87 69 4 49 21 22 66 54 3 82 5 13 76 63 15 23 32 41 14 17 1 81 77 12 44 95 35 16 62 47 18 91 40 30 50 43 45 
78 64 80 36 71 55 74 79 99 29 19 25 87 37 68 22 21 53 61 48 85 51 57 83 6 45 24 33 54 8 67 4 20 9 56 42 89 39 26 49 66 93 0 70 38 59 88 11 73 94 23 76 69 60 52 97 86 34 17 15 72 84 2 31 95 65 13 28 18 82 44 10 92 35 91 1 7 58 63 41 3 77 98 16 75 12 96 40 90 27 5 81 32 43 62 14 47 30 50 46 
30 62 81 12 50 41 1 77 63 32 13 15 14 16 40 44 5 35 82 17 76 23 3 95 49 91 18 88 43 42 86 54 59 65 73 51 21 53 87 22 57 83 6 56 93 33 71 60 36 34 26 24 8 45 46 64 70 19 78 37 79 11 80 89 29 74 97 0 20 85 48 94 31 55 99 68 25 58 67 28 9 75 61 7 98 96 2 39 90 4 10 27 84 92 72 38 52 66 69 47 
85 29 37 19 67 79 74 9 68 20 89 25 99 45 61 55 0 24 39 8 64 94 78 71 38 36 52 4 11 80 97 69 84 72 70 33 46 66 2 26 10 92 31 28 6 57 83 56 7 60 93 98 58 53 34 75 27 90 51 96 87 73 59 22 42 21 88 86 54 65 49 76 82 3 23 13 15 17 63 5 41 1 32 81 95 14 44 77 35 12 18 91 16 40 62 47 30 43 50 48 
42 54 76 88 15 23 51 13 53 17 1 41 63 87 21 82 22 86 59 57 77 83 12 6 44 81 73 35 3 95 16 32 5 56 62 91 18 40 65 71 36 14 47 33 93 30 46 64 26 43 60 24 8 50 45 34 78 19 79 37 70 80 29 74 11 85 48 89 20 55 0 99 68 25 97 94 67 61 9 31 58 28 7 75 98 4 39 2 96 38 84 52 10 72 66 90 92 69 27 49 
47 30 62 81 14 32 41 63 12 1 13 5 77 82 15 3 16 40 44 35 76 17 88 49 86 23 95 91 42 18 65 43 59 54 73 51 53 83 57 6 56 21 87 93 22 33 60 34 26 71 36 8 24 70 45 64 46 11 37 19 79 78 89 97 0 80 29 20 74 94 31 85 48 58 28 75 55 68 99 7 25 98 67 9 96 2 61 90 27 10 92 84 39 4 72 52 38 69 66 50 
53 57 83 6 42 88 59 56 49 73 33 71 36 54 86 87 93 21 22 26 24 8 76 65 45 82 64 60 13 15 3 46 23 19 34 37 79 63 70 78 17 41 5 1 29 74 11 32 80 89 85 81 48 20 77 12 0 14 44 97 95 35 94 68 55 99 16 25 67 62 18 91 47 9 40 31 61 30 58 28 7 43 75 98 50 2 39 4 96 84 38 52 10 72 92 90 66 69 27 51 
69 38 72 39 84 9 67 66 4 92 10 2 48 85 68 61 20 25 29 94 89 74 0 99 37 55 27 19 79 90 28 7 97 98 96 11 31 45 75 24 58 8 78 70 64 80 71 36 26 46 33 60 34 56 93 6 57 83 53 51 73 59 87 22 21 42 65 86 88 54 49 3 82 76 23 13 5 15 63 17 41 32 1 14 81 95 44 77 35 12 18 91 16 40 62 47 30 43 50 52 
51 57 83 6 42 71 36 87 54 49 21 88 22 33 56 59 73 64 93 86 46 24 8 76 45 26 19 79 78 37 23 15 60 82 65 80 13 29 74 17 70 34 3 63 85 48 41 1 89 11 20 55 5 99 68 25 77 44 0 32 81 95 12 35 97 94 67 16 18 14 91 61 9 62 40 31 47 30 28 58 39 4 43 7 2 98 75 38 52 84 50 66 72 96 69 10 92 90 27 53 
21 49 87 22 76 23 17 53 42 15 51 88 95 44 1 57 35 13 77 83 18 41 6 91 16 12 36 63 59 71 86 40 82 73 46 81 56 64 33 62 3 43 32 93 78 5 47 65 30 80 14 79 24 19 8 26 37 45 60 74 29 34 70 55 50 48 85 99 25 68 89 11 20 0 61 67 97 94 9 31 4 39 28 58 38 66 7 2 98 75 52 69 84 72 96 10 92 90 27 54 
99 25 61 68 74 80 78 29 64 4 79 19 48 46 85 37 39 67 66 36 9 38 71 69 20 52 45 89 24 8 0 72 33 94 84 53 87 57 83 6 11 22 70 26 21 51 97 2 56 10 92 93 31 28 60 54 7 42 34 98 58 59 27 90 73 75 96 49 88 86 76 23 65 17 15 82 13 3 95 63 18 44 1 41 35 91 77 5 16 12 32 81 40 14 43 62 47 30 50 55 
93 33 6 83 57 26 73 59 60 34 8 24 51 45 70 86 65 53 42 88 71 11 36 89 37 19 97 0 79 3 20 49 82 94 64 85 48 31 29 87 54 74 5 13 58 21 46 78 28 22 63 67 9 76 32 7 75 98 15 68 80 14 41 2 25 81 96 23 99 55 1 17 90 10 61 27 84 92 12 72 77 39 52 44 38 62 47 4 35 95 16 69 30 66 91 18 50 40 43 56 
83 6 51 53 56 33 59 71 93 42 73 36 88 26 24 8 86 45 60 49 34 65 87 70 37 19 54 64 79 21 22 11 46 82 89 29 78 3 74 20 85 48 76 0 13 97 80 15 63 94 23 5 68 41 67 32 17 99 55 25 31 1 9 81 14 58 28 61 77 12 44 7 75 98 95 2 35 16 62 39 96 47 18 91 84 4 10 72 38 40 52 92 90 30 27 69 66 50 43 57 
75 31 28 98 7 96 97 90 94 27 11 2 0 70 10 89 92 20 34 60 26 45 8 84 24 72 9 67 93 85 33 48 37 56 52 19 79 29 6 74 83 38 39 73 57 71 69 68 65 59 36 25 64 61 51 86 99 4 55 53 66 78 88 42 80 46 3 82 49 5 87 21 54 22 13 63 32 14 76 15 41 81 23 1 17 12 77 47 62 44 95 35 16 30 50 18 91 40 43 58 
73 86 88 56 65 6 83 42 93 57 51 33 3 82 53 60 26 34 49 5 13 8 24 63 71 45 70 32 36 54 14 41 15 76 81 87 11 21 1 22 37 23 19 89 79 64 97 17 0 12 20 77 94 46 85 29 48 31 47 62 74 78 44 58 30 16 35 28 95 80 50 67 75 9 7 68 98 40 91 18 99 25 55 96 2 61 90 10 27 84 92 43 39 72 52 38 4 69 66 59 
34 26 93 70 56 33 8 11 24 45 73 6 83 97 59 65 57 89 0 31 94 86 58 20 51 71 28 37 88 75 53 7 42 36 98 19 79 85 48 96 3 2 29 82 9 67 74 90 64 27 5 49 10 92 78 68 84 13 46 87 54 72 63 32 25 14 99 21 80 55 22 52 39 61 76 41 15 81 38 69 1 23 4 17 66 12 77 47 62 44 30 35 16 50 95 91 18 40 43 60 
25 99 68 55 4 39 74 29 66 48 67 38 85 80 78 79 19 69 9 37 64 52 46 20 36 72 71 89 84 45 0 24 8 94 2 92 10 11 33 97 70 26 53 57 6 83 28 31 87 7 56 51 98 22 27 21 90 93 58 60 96 75 34 54 42 59 73 88 49 86 65 76 23 17 15 82 3 13 95 63 1 41 44 18 5 35 91 77 32 16 12 81 14 40 43 62 47 30 50 61 
30 47 12 1 77 41 81 16 15 50 63 13 40 44 32 35 17 76 14 95 23 91 82 5 18 49 43 3 88 54 42 86 59 51 21 73 65 22 87 53 57 83 6 56 93 33 71 36 60 26 34 46 24 8 64 45 70 78 19 79 37 80 11 29 74 89 85 48 20 97 0 55 94 99 68 25 31 67 58 9 61 28 75 7 98 2 96 39 4 90 10 84 27 38 92 72 52 66 69 62 
13 81 41 32 82 1 5 14 15 3 12 47 62 88 49 77 30 86 76 42 50 17 23 59 16 44 73 65 54 35 51 40 95 53 83 57 6 91 18 56 21 87 93 22 33 43 60 34 26 71 36 8 24 45 70 64 46 11 19 37 79 78 89 97 29 80 0 74 20 85 48 94 31 58 55 68 99 25 28 67 9 75 7 98 61 96 2 90 27 39 10 84 4 92 72 38 52 69 66 63 
78 46 36 80 79 71 74 19 29 37 55 99 25 68 48 85 61 53 45 87 24 57 8 33 83 6 51 67 22 21 20 89 9 4 56 26 39 0 54 70 93 42 11 94 66 38 59 60 49 97 73 69 52 88 34 86 72 84 76 31 2 23 28 10 65 92 7 58 17 98 15 75 82 13 96 90 27 3 95 63 1 41 44 18 35 91 77 5 16 12 32 81 40 14 43 62 47 30 50 64 
73 86 59 3 93 56 88 82 34 60 5 6 83 42 57 26 33 51 32 14 63 13 70 53 49 8 24 81 45 41 11 71 15 36 1 54 97 76 89 0 31 94 87 12 47 37 58 20 23 19 62 21 79 77 50 17 22 28 30 75 64 85 7 48 98 29 44 74 96 16 46 35 78 2 9 67 95 40 90 80 68 27 91 18 10 25 99 55 92 84 72 61 43 39 52 38 4 69 66 65 
4 39 38 69 61 52 68 25 99 67 55 9 72 48 74 29 85 84 79 19 37 80 78 20 92 10 64 89 2 0 94 46 45 36 71 24 8 97 11 27 28 90 7 98 31 70 96 33 75 58 26 57 6 83 53 56 60 93 34 51 87 22 21 73 59 42 54 88 49 86 65 76 23 82 3 17 15 13 63 5 95 41 1 44 18 35 91 32 77 81 12 16 14 40 43 62 47 30 50 66 
9 85 48 20 39 68 29 52 38 74 37 19 89 79 72 25 84 69 61 0 94 99 4 55 66 2 45 10 92 24 8 97 11 78 64 70 28 71 31 7 80 36 98 27 26 90 33 58 46 96 75 60 56 6 57 83 93 34 53 51 73 59 87 42 22 21 88 86 65 54 49 3 82 76 23 13 15 5 63 17 41 32 1 14 81 95 44 77 12 35 18 91 16 62 40 47 30 43 50 67 
25 99 61 74 29 55 48 85 79 67 19 4 37 39 78 9 80 64 38 66 20 69 52 46 36 71 89 45 24 0 8 72 84 94 11 33 97 2 70 10 92 26 57 6 83 53 28 31 56 51 7 87 93 98 60 58 27 90 22 21 34 75 96 59 73 42 54 88 49 86 65 76 23 82 17 3 15 13 63 5 41 95 1 44 18 35 32 77 91 81 12 16 14 40 62 43 47 30 50 68 
38 52 39 66 4 72 9 67 84 61 68 25 48 85 92 99 10 29 55 74 20 2 37 79 19 89 94 0 27 90 78 97 28 80 7 45 98 64 11 31 24 96 8 75 58 70 46 71 36 26 33 60 34 6 56 57 83 93 53 51 87 73 59 22 21 42 88 65 86 54 49 76 3 82 23 13 15 17 5 63 41 1 32 95 44 81 14 77 35 18 12 91 16 40 62 47 43 30 50 69 
11 26 8 24 45 60 97 34 0 89 94 33 93 31 20 56 58 28 7 37 6 75 98 83 57 85 19 48 79 2 71 73 96 9 67 59 36 29 90 65 74 27 10 51 92 53 84 86 64 72 68 42 88 78 25 52 99 39 55 46 38 61 80 3 69 82 49 87 4 54 66 21 5 22 13 63 32 76 14 15 41 23 81 1 17 12 77 44 47 62 95 35 16 30 18 91 50 40 43 70 
36 64 19 79 57 37 53 33 83 6 24 51 45 8 46 78 29 74 56 48 85 80 26 87 93 20 89 68 42 55 99 70 21 22 25 59 73 60 11 67 0 54 88 34 9 61 49 94 86 97 65 39 4 31 76 23 38 28 82 2 52 58 15 3 84 66 13 7 69 72 17 98 75 10 63 92 96 41 5 1 90 27 32 95 44 81 77 35 12 14 18 16 91 40 62 47 30 43 50 71 
84 52 92 10 2 9 69 38 67 39 27 20 94 90 0 7 28 89 85 98 48 96 66 97 31 75 4 68 58 11 29 61 37 74 25 19 79 45 99 70 24 8 55 26 78 64 33 71 60 36 80 34 93 56 46 6 83 57 53 51 73 59 65 42 87 86 88 22 21 54 49 3 82 76 5 13 23 63 15 32 17 41 14 1 81 77 95 44 12 35 18 16 91 62 47 40 30 50 43 72 
59 86 65 56 93 88 6 83 57 42 51 33 60 3 34 26 82 53 5 49 8 24 70 45 13 71 63 32 36 14 11 54 41 81 15 76 87 89 37 97 19 1 21 0 79 22 20 64 23 94 31 17 85 12 48 29 58 46 77 74 78 47 28 62 75 44 7 30 98 67 80 9 16 35 50 68 95 96 2 25 99 55 40 91 18 90 27 10 61 92 84 72 39 52 43 38 4 69 66 73 
29 79 19 68 48 37 85 25 99 55 78 64 61 67 80 36 71 9 46 20 39 4 45 89 24 8 38 0 66 33 52 69 94 11 70 57 26 6 83 53 72 97 84 56 51 2 93 87 10 60 92 31 28 22 21 34 7 98 58 59 42 73 75 27 90 96 54 88 49 86 65 76 23 82 3 15 17 13 63 5 41 1 95 44 32 35 77 18 81 91 12 16 14 40 62 43 47 30 50 74 
98 58 7 96 28 31 90 27 97 2 94 10 11 0 92 89 70 20 84 72 34 60 26 45 8 9 24 67 85 48 93 52 33 37 56 19 79 38 29 69 39 74 6 68 83 71 57 73 65 36 59 25 61 99 66 4 64 55 51 86 78 53 88 80 42 46 3 82 87 49 5 21 54 22 13 63 32 14 76 15 41 81 23 1 17 12 77 47 62 44 95 35 16 30 50 18 91 40 43 75 
23 17 15 49 54 1 44 77 35 95 16 12 41 13 91 18 42 40 21 63 22 87 88 62 81 51 53 82 47 30 43 32 86 59 57 3 5 83 6 14 73 36 50 56 71 65 33 93 46 64 26 78 24 8 60 80 45 19 79 34 37 70 74 29 48 85 55 11 99 89 20 25 68 0 97 94 61 67 9 31 58 28 4 39 7 75 98 2 38 66 96 52 84 72 69 10 92 90 27 76 
12 16 1 44 15 35 40 62 17 41 76 95 23 30 47 91 18 13 81 63 49 43 54 32 50 82 14 42 88 5 21 3 22 87 86 51 53 59 73 57 83 6 65 56 36 71 93 33 46 64 26 60 34 24 8 78 45 80 19 79 37 70 74 29 11 85 48 89 55 20 99 0 25 68 97 94 67 61 31 9 58 28 75 7 4 98 39 2 96 38 84 66 52 10 72 90 69 92 27 77 
80 64 46 55 74 99 29 79 25 19 36 68 71 37 61 48 85 67 4 53 87 45 24 8 22 20 9 21 39 57 33 83 6 51 89 66 38 0 56 26 69 54 52 70 94 11 93 42 97 60 49 59 72 84 73 88 34 2 31 10 86 76 92 23 28 7 58 98 17 65 75 15 96 27 90 82 13 95 3 44 18 63 1 35 41 91 77 16 5 12 32 81 40 43 14 62 47 30 50 78 
19 37 29 74 48 85 64 68 71 36 78 25 99 45 67 55 20 24 8 80 89 46 9 61 33 0 94 39 26 57 11 70 6 83 4 53 97 56 38 51 52 93 66 69 60 84 72 87 2 34 31 28 22 10 21 92 59 73 7 42 58 98 75 54 88 96 90 27 86 49 65 76 23 82 3 15 13 17 63 5 41 1 32 95 44 81 77 35 14 12 18 91 16 40 62 47 43 30 50 79 
78 46 64 55 99 25 74 29 68 79 61 36 19 37 71 48 85 4 87 67 22 53 39 21 9 66 45 24 20 8 57 33 51 38 83 6 89 69 54 52 0 56 26 94 70 11 42 93 49 72 97 84 59 60 88 73 2 34 23 76 10 31 92 86 28 17 7 58 98 15 65 75 27 90 96 95 13 82 18 44 91 35 1 3 63 41 77 16 12 40 5 81 32 43 14 62 47 30 50 80 
63 41 32 13 47 14 1 62 30 12 82 5 15 50 77 3 76 88 49 16 86 17 44 42 23 35 40 59 95 54 65 73 91 51 18 53 83 57 6 43 21 56 87 22 93 33 60 34 26 71 36 8 24 45 70 64 46 11 19 37 79 78 89 80 97 29 0 74 20 85 48 94 31 58 55 68 99 25 28 67 75 9 7 98 61 96 2 90 27 10 39 84 4 92 72 38 52 69 66 81 
3 5 63 32 13 86 88 14 81 41 59 42 65 73 49 1 15 47 51 12 76 62 83 6 57 77 56 30 50 93 53 54 23 17 33 44 16 60 34 35 26 87 21 40 95 22 71 91 36 8 24 18 70 45 11 43 64 37 19 79 46 89 97 0 20 78 94 29 31 74 85 48 80 58 28 75 7 67 98 68 9 55 99 25 96 2 61 90 27 10 92 84 39 72 4 52 38 69 66 82 
6 57 51 56 33 53 59 93 73 42 71 26 88 36 24 8 86 45 60 34 65 49 70 37 19 87 79 54 64 11 21 82 22 89 3 46 29 20 78 74 85 48 0 13 97 76 94 63 5 15 80 23 41 68 32 31 67 17 9 99 1 55 25 81 14 58 28 61 12 77 7 75 98 2 44 95 35 96 16 62 39 47 84 10 18 91 4 90 72 92 38 52 27 30 40 69 66 50 43 83 
72 92 10 2 52 9 67 69 38 27 90 94 20 39 0 7 28 98 89 96 85 97 48 31 75 58 66 11 68 4 37 29 74 61 19 45 79 70 25 8 24 99 55 26 33 60 78 64 71 34 36 80 93 56 46 6 83 57 53 51 73 59 65 42 86 87 88 22 21 54 49 3 82 5 76 13 23 63 15 32 17 41 14 1 81 77 12 44 95 35 16 18 91 62 47 40 30 50 43 84 
48 37 29 67 19 79 74 20 9 68 89 25 45 99 0 24 61 8 55 39 94 64 78 71 36 38 11 52 4 97 70 80 84 72 69 33 2 26 46 66 10 92 31 28 6 57 83 7 56 60 98 93 58 53 34 75 27 90 96 51 73 59 87 42 22 21 88 86 65 54 49 82 3 76 23 13 15 5 17 63 41 1 32 81 14 95 44 77 12 35 18 91 16 62 40 47 30 43 50 85 
59 73 88 65 3 82 42 5 56 83 6 93 51 57 13 63 49 32 53 33 14 60 34 41 26 81 15 54 76 1 8 24 71 70 45 36 23 87 12 21 17 77 47 22 62 11 30 44 50 37 89 19 16 97 64 79 35 0 95 20 94 46 31 40 85 29 48 78 74 91 18 58 28 80 75 7 98 67 9 68 96 99 55 43 25 2 90 61 27 10 92 84 72 39 52 38 4 69 66 86 
21 22 54 53 51 49 36 46 23 42 76 71 57 64 83 17 6 78 88 15 80 95 33 59 44 56 79 18 35 19 91 73 1 13 86 37 77 74 29 16 41 24 93 8 63 45 12 55 82 40 99 26 25 48 85 68 43 81 3 65 60 32 62 70 61 5 20 34 89 47 11 67 30 14 0 9 94 97 4 39 50 66 31 38 52 28 69 58 2 84 72 7 98 75 10 92 96 90 27 87 
42 86 59 73 49 82 51 3 13 83 57 6 53 63 65 56 5 54 15 41 32 93 76 81 33 1 14 23 87 17 21 60 71 26 12 22 36 77 34 24 8 62 47 44 45 16 35 70 30 95 64 40 50 37 19 91 46 79 11 18 89 78 29 0 20 97 74 85 48 80 94 43 31 68 58 55 99 67 25 28 9 75 7 98 61 2 96 90 39 10 84 27 92 4 72 38 52 69 66 88 
0 20 94 11 97 45 8 24 70 85 48 9 37 67 31 26 19 28 2 79 7 58 29 33 98 74 60 75 10 84 34 92 72 96 71 68 93 90 56 27 36 52 6 39 83 25 57 64 38 99 61 69 55 78 4 73 51 53 80 46 59 66 65 86 42 88 87 21 22 49 54 3 82 5 13 76 63 15 23 32 41 14 17 81 1 77 12 44 95 35 16 62 18 47 91 40 30 50 43 89 
27 96 98 7 75 2 28 10 92 58 31 94 84 97 72 0 11 89 20 9 70 52 67 45 8 85 24 48 26 38 34 69 60 39 37 19 79 29 33 93 68 74 56 66 4 25 61 71 99 6 83 55 36 57 64 73 78 59 65 80 51 53 46 86 42 88 3 87 82 49 21 22 5 54 13 63 32 14 76 15 41 23 81 1 17 12 77 44 47 62 95 35 16 30 50 18 91 40 43 90 
18 95 35 44 40 43 16 17 23 77 76 12 15 1 62 54 41 49 30 47 21 22 13 87 81 63 42 88 32 53 82 50 51 14 5 86 3 59 57 83 6 73 36 46 71 56 65 64 33 78 93 80 79 26 19 24 8 37 45 60 74 29 34 55 99 70 25 48 85 68 89 11 20 61 0 67 97 94 9 4 31 39 58 28 66 38 7 2 75 98 52 69 84 72 96 10 92 90 27 91 
10 2 84 72 27 90 7 98 96 28 94 52 75 9 31 0 58 97 20 67 89 69 38 11 39 85 48 70 45 37 8 24 66 68 29 19 79 4 74 26 61 25 60 34 99 33 55 93 71 56 64 36 78 6 80 83 57 46 73 51 53 59 65 86 42 88 87 21 22 49 3 54 82 5 13 76 63 32 23 15 14 41 17 81 1 12 77 44 95 35 16 62 47 18 91 30 40 50 43 92 
56 60 26 33 34 73 6 83 59 57 8 70 24 65 45 86 51 11 88 42 53 71 89 97 36 0 37 94 20 3 19 31 82 79 49 58 85 48 28 64 5 29 74 75 7 98 13 54 87 63 67 9 78 46 32 96 21 2 22 14 68 76 15 41 90 80 81 25 27 99 10 55 23 1 92 84 72 61 17 39 52 12 77 38 47 4 62 69 44 35 16 30 95 66 50 91 18 40 43 93 
0 97 89 11 20 31 28 2 7 70 58 98 45 75 9 8 24 10 96 67 92 85 90 84 27 48 26 37 72 60 19 34 79 33 29 52 74 93 56 68 39 38 71 69 6 36 25 83 57 61 99 64 55 4 78 73 66 59 51 53 80 46 65 86 42 88 87 21 3 49 22 54 82 5 13 63 76 32 15 23 14 41 81 17 1 12 77 44 95 35 62 16 47 18 91 30 40 50 43 94 
91 18 35 44 17 16 40 23 43 77 76 15 12 1 54 62 49 41 21 22 30 13 47 87 63 81 42 88 32 53 82 51 50 14 5 86 3 57 59 83 6 73 36 71 46 56 65 64 33 93 78 80 26 79 24 19 8 37 45 60 74 29 34 55 99 70 48 85 25 68 89 11 20 61 0 67 97 94 9 4 31 39 58 28 66 38 7 2 75 98 52 69 84 72 96 10 92 90 27 95 
98 7 75 90 28 27 58 31 2 10 92 97 94 0 11 84 89 72 70 20 9 45 34 8 67 26 24 60 52 85 48 37 38 93 33 69 19 39 79 56 29 74 68 6 71 83 25 57 66 61 73 4 36 99 65 59 55 64 78 51 86 53 80 46 88 42 3 82 87 49 5 21 22 54 13 63 32 14 76 15 41 81 23 1 17 12 77 47 44 62 95 35 16 30 50 18 91 40 43 96 
11 94 0 31 28 89 70 58 7 98 20 75 2 45 8 96 24 26 90 60 34 27 10 9 92 85 67 33 48 84 37 93 72 19 56 79 29 74 6 52 71 83 57 68 36 39 73 38 69 59 25 64 65 51 99 61 78 53 55 86 4 66 46 80 42 88 3 87 82 49 21 22 54 5 13 63 32 76 14 15 41 23 81 1 17 12 77 44 47 62 95 35 16 30 18 91 50 40 43 97 
7 96 75 28 58 90 31 27 2 97 94 10 92 0 11 89 84 70 20 72 9 45 8 34 26 24 67 60 85 52 48 37 33 93 19 38 79 69 39 56 29 74 68 6 71 83 57 25 36 73 61 66 4 99 65 59 64 55 78 51 53 86 80 46 42 88 3 82 87 49 5 21 22 54 13 63 32 14 76 15 41 81 23 1 17 12 77 44 47 62 95 35 16 30 50 18 91 40 43 98 
55 25 61 68 74 29 78 80 4 79 64 48 19 85 37 39 46 67 66 9 38 36 71 69 20 52 89 45 24 8 0 72 84 94 33 53 11 57 83 6 87 70 97 26 2 22 51 10 92 21 56 93 31 28 60 7 98 34 54 58 27 42 90 75 59 96 73 49 88 86 65 76 23 17 15 82 13 3 95 63 1 44 18 41 35 91 5 77 16 32 12 81 40 14 43 62 47 30 50 99 