1
100
20749
1 1357 1905
2 2650 802
3 1774 107
4 1307 964
5 3806 746
6 2687 1353
7 43 1957
8 3092 1668
9 185 1542
10 834 629
11 40 462
12 1183 1391
13 2048 1628
14 1097 643
15 1838 1732
16 234 1118
17 3314 1881
18 737 1285
19 779 777
20 2312 1949
21 2576 189
22 3078 1541
23 2781 478
24 705 1812
25 3409 1917
26 323 1714
27 1660 1556
28 3729 1188
29 693 1383
30 2361 640
31 2433 1538
32 554 1825
33 913 317
34 3586 1909
35 2636 727
36 1000 457
37 482 1337
38 3704 1082
39 3635 1174
40 1362 1526
41 2049 417
42 2552 1909
43 3939 640
44 219 898
45 812 351
46 901 1552
47 2513 1572
48 242 584
49 826 1226
50 3278 799
51 86 1065
52 14 454
53 1327 1893
54 2773 1286
55 2469 1838
56 3835 963
57 1031 428
58 3853 1712
59 1868 197
60 1544 863
61 457 1607
62 3174 1064
63 192 1004
64 2318 1925
65 2232 1374
66 396 828
67 2365 1649
68 2499 658
69 1410 307
70 2990 214
71 3646 1018
72 3394 1028
73 1779 90
74 1058 372
75 2933 1459
76 3099 173
77 2178 978
78 138 1610
79 2082 1753
80 2302 1127
81 805 272
82 22 1617
83 3213 1085
84 99 536
85 1533 1780
86 3564 676
87 29 6
88 3808 1375
89 2221 291
90 3499 1885
91 3124 408
92 781 671
93 1027 1041
94 3249 378
95 3297 491
96 213 220
97 721 186
98 3736 1542
99 868 731
100 960 303
EOF

52 84 39 26 14 11 45 23 78 12 31 28 48 17 92 3 60 19 63 64 66 36 25 59 54 30 41 46 79 8 76 77 18 98 13 6 91 81 15 9 5 65 62 35 56 43 50 53 73 68 29 74 40 44 32 99 67 1 80 47 34 7 21 58 88 96 2 83 72 10 16 51 61 22 82 95 24 20 89 49 71 33 90 86 69 38 94 97 93 70 75 27 37 57 87 85 55 4 42 0 
34 67 29 22 79 53 76 5 61 90 20 49 82 88 69 64 40 74 94 93 30 75 71 46 21 66 85 7 58 70 12 54 38 37 59 78 41 2 72 27 4 63 19 55 14 26 16 87 42 97 68 24 3 89 33 39 84 57 13 11 92 73 56 35 0 52 99 98 32 9 18 48 91 44 45 80 17 96 28 23 36 65 31 60 47 43 15 62 25 95 83 8 50 10 77 51 86 81 6 1 
72 58 40 68 88 73 59 29 20 56 99 35 13 32 67 76 3 80 44 96 34 22 9 98 1 91 79 92 18 69 75 64 90 11 26 48 39 93 5 12 53 65 95 17 94 30 47 14 46 66 49 28 78 45 84 61 83 82 43 86 10 74 36 51 62 52 15 0 71 54 85 63 19 21 50 41 60 23 7 70 31 4 8 38 37 25 77 42 55 27 81 16 87 97 24 89 6 33 57 2 
59 92 13 11 98 48 18 39 9 35 91 56 73 17 68 26 45 28 99 32 44 84 80 76 36 65 40 52 14 0 58 96 2 72 12 79 64 23 60 15 43 29 78 62 47 88 31 50 67 25 66 8 30 83 95 77 34 46 1 10 51 63 19 5 81 54 20 53 22 41 86 6 74 69 21 61 90 82 7 75 49 93 94 71 16 85 24 38 70 89 37 27 33 97 4 55 87 42 57 3 
42 55 85 70 37 27 38 71 49 94 87 93 82 61 90 97 75 57 69 22 21 74 1 7 53 34 89 33 24 16 5 67 20 29 46 79 30 76 88 64 66 41 54 40 63 19 12 78 58 2 72 14 59 26 68 84 3 39 11 0 13 52 73 56 92 35 99 32 98 9 45 48 44 91 18 80 17 96 28 23 36 65 31 60 47 43 15 25 62 95 8 83 50 77 10 51 86 81 6 4 
53 74 46 30 21 66 79 64 7 54 1 61 41 82 34 76 63 12 19 67 78 71 29 49 16 22 24 14 38 89 70 90 26 37 27 94 33 97 85 87 93 40 88 20 69 55 57 84 59 75 4 39 58 3 0 42 52 11 2 72 68 92 13 45 48 56 73 35 98 17 9 18 28 99 91 23 32 44 80 31 36 60 96 65 25 15 8 43 62 77 47 50 81 6 83 95 10 51 86 5 
81 77 25 8 31 60 23 36 15 28 50 45 62 17 48 43 65 11 52 0 92 47 39 18 83 98 91 10 84 51 9 3 26 13 95 35 44 14 56 80 32 59 73 99 96 86 12 78 68 64 19 63 66 76 79 30 54 46 41 40 2 58 72 29 5 88 67 53 1 34 74 7 21 20 22 61 16 82 24 69 49 90 89 71 75 33 94 93 38 97 70 85 37 27 87 57 55 4 42 6 
21 74 16 24 89 53 5 33 46 41 82 61 54 97 30 71 66 38 57 87 27 63 19 37 70 49 64 79 1 78 55 12 34 85 76 4 67 94 22 14 90 29 93 42 26 69 75 84 20 40 88 39 59 0 52 58 3 11 2 72 92 68 45 13 48 17 23 56 73 98 28 35 18 9 91 99 31 32 36 44 60 80 25 96 65 8 15 77 43 62 47 6 50 81 83 95 10 51 86 7 
77 81 25 60 36 15 6 31 50 28 62 23 17 43 48 45 65 47 18 92 11 83 91 98 10 51 9 39 52 0 3 13 95 44 35 84 56 80 32 96 73 99 26 59 86 14 68 12 78 64 76 2 58 72 79 19 63 40 66 30 54 46 29 88 41 67 5 1 34 53 20 74 22 21 7 61 82 69 16 90 49 75 24 71 93 94 89 33 38 85 70 37 97 27 87 57 55 4 42 8 
91 98 18 35 13 44 56 32 73 99 80 92 96 65 3 47 48 68 17 43 83 62 95 59 28 15 36 10 11 51 50 45 86 39 60 2 72 8 58 23 25 77 31 40 26 81 84 52 0 76 88 14 29 6 79 12 64 67 78 20 34 1 30 66 46 22 63 19 5 54 53 41 69 74 90 75 61 21 82 93 49 94 7 71 85 16 70 38 24 37 89 27 4 55 33 97 87 42 57 9 
51 83 47 95 86 43 65 62 50 15 96 91 44 80 18 9 98 32 99 35 36 56 73 13 17 8 48 28 92 77 81 60 25 3 68 45 31 11 6 23 59 39 2 72 58 52 0 26 84 40 88 76 14 12 29 79 64 78 67 20 34 66 30 1 63 46 19 22 54 5 53 41 69 74 75 90 61 93 21 82 49 94 7 71 85 16 70 38 24 37 89 27 4 55 33 97 87 42 57 10 
39 45 92 48 3 17 28 26 52 84 0 23 59 36 98 18 14 13 60 31 91 9 12 25 35 65 78 56 15 8 73 64 62 77 76 43 44 32 68 99 50 79 80 81 66 47 63 19 30 6 96 40 46 54 58 83 29 2 72 41 10 51 5 67 88 95 1 53 34 74 86 20 22 21 7 61 82 69 90 49 16 71 75 24 94 93 89 33 38 85 70 37 27 97 87 55 57 4 42 11 
78 14 64 66 26 30 63 19 46 54 84 79 41 76 39 5 0 52 53 11 74 59 3 1 21 29 7 67 34 45 92 40 61 82 48 16 88 17 23 22 13 28 24 58 68 71 89 98 49 31 18 20 2 72 33 35 9 56 91 60 36 73 90 38 94 97 69 70 99 25 93 32 27 37 44 87 85 75 57 65 80 8 15 55 77 62 96 4 43 81 6 50 47 42 83 95 10 51 86 12 
35 56 98 9 73 91 18 99 32 3 92 44 68 80 59 96 48 65 17 11 28 47 2 72 58 43 39 36 45 62 40 95 15 83 10 26 50 51 76 60 88 84 23 86 29 52 8 0 79 31 14 25 64 77 12 67 81 78 34 20 1 30 66 6 22 46 5 63 19 53 54 41 69 74 90 75 61 82 93 21 49 94 7 71 85 16 70 38 24 37 27 89 4 55 97 33 87 42 57 13 
12 78 26 84 0 63 39 19 64 66 52 30 54 46 41 11 79 76 59 5 3 45 53 92 74 48 23 17 28 29 1 21 7 67 34 31 13 40 60 98 36 18 16 68 88 9 61 91 25 82 35 56 58 73 22 24 2 72 8 89 99 32 65 77 71 20 49 15 44 33 80 62 6 81 43 90 50 38 69 96 97 94 70 93 47 27 37 87 75 57 85 83 55 4 10 95 51 42 86 14 
62 50 43 36 65 8 77 17 28 47 60 81 83 48 25 18 10 51 91 98 9 31 45 92 23 6 95 44 13 11 35 80 32 96 56 3 99 73 86 39 59 52 0 68 84 26 14 2 72 58 12 40 76 78 64 79 88 29 66 63 19 30 67 46 54 34 1 41 5 20 53 22 74 21 69 7 61 90 82 75 49 93 94 71 16 24 89 85 38 70 33 37 27 97 87 4 55 57 42 15 
24 89 33 7 21 97 57 74 87 41 38 82 53 27 5 61 54 71 46 37 70 30 66 63 19 55 49 64 85 4 78 79 1 12 34 42 94 76 67 14 90 22 93 29 26 69 75 84 20 88 40 0 39 52 59 11 3 58 2 72 45 92 68 13 48 23 17 28 98 56 73 35 31 18 9 91 99 32 60 36 44 80 25 96 65 8 15 77 62 43 6 81 50 47 83 95 10 51 86 16 
28 48 36 45 92 60 11 18 23 15 98 31 65 25 8 62 91 43 3 9 39 77 50 13 81 52 47 35 0 56 59 44 84 26 6 73 32 83 99 80 10 96 51 68 95 14 12 78 86 76 64 2 58 40 79 72 66 63 19 30 29 88 46 54 67 41 5 1 34 53 20 22 74 21 7 61 82 69 90 49 75 16 71 93 94 24 89 85 38 33 70 37 27 97 87 55 4 57 42 17 
98 91 9 13 92 65 35 44 56 48 32 73 80 99 17 3 47 43 96 28 62 36 15 83 11 50 59 45 68 95 10 51 60 39 8 23 25 77 31 86 81 26 2 72 58 52 84 0 40 6 76 14 88 12 79 64 29 78 67 66 30 34 1 20 46 63 19 5 54 22 53 41 74 69 90 75 61 21 82 7 49 93 94 71 16 85 24 70 38 89 37 27 4 33 97 55 87 42 57 18 
63 54 41 78 66 12 46 30 14 64 5 26 74 84 53 79 7 21 0 76 52 16 39 24 89 1 61 82 11 34 33 67 29 59 3 71 45 97 49 38 22 40 57 92 87 27 23 70 37 48 88 17 28 90 94 31 20 13 85 58 55 93 69 68 60 98 4 2 18 36 72 75 9 35 56 91 25 73 42 99 32 8 44 77 65 15 80 6 81 62 43 96 50 47 83 10 95 51 86 19 
22 88 69 67 29 75 34 40 90 1 93 58 94 72 2 76 49 79 61 82 85 53 5 68 71 59 64 74 4 70 30 46 42 37 21 38 66 55 3 27 73 12 13 56 7 35 99 78 26 54 32 14 87 41 63 92 44 80 19 97 98 9 39 11 16 96 91 18 84 24 89 57 33 48 0 52 17 45 28 65 95 47 36 43 23 83 62 15 60 10 86 51 31 50 25 8 77 81 6 20 
7 74 53 16 5 82 61 24 89 46 71 33 41 30 97 38 54 66 27 87 49 70 37 57 63 1 64 19 79 34 55 85 78 12 67 76 94 4 22 90 29 93 42 14 69 75 26 20 88 40 84 59 39 0 52 58 3 11 2 72 68 92 13 45 48 56 73 35 98 17 23 28 9 18 99 91 32 31 44 80 36 60 96 25 65 15 8 43 62 77 47 50 81 6 83 95 10 51 86 21 
34 67 69 1 90 20 75 29 93 94 88 49 61 40 82 76 79 53 85 71 5 58 74 70 64 4 2 72 38 37 21 30 46 55 42 27 7 66 59 12 87 68 54 97 41 78 16 63 19 3 26 14 24 89 57 33 13 73 56 39 35 84 99 11 92 32 98 9 44 80 91 0 18 52 96 48 45 17 28 65 36 23 47 95 60 43 31 15 62 83 10 25 50 51 86 8 77 81 6 22 
31 60 45 25 28 36 17 8 48 77 52 11 0 6 81 39 84 92 15 62 50 26 65 43 18 3 98 14 91 9 13 59 47 12 78 35 83 56 44 73 10 32 51 99 80 64 19 63 96 68 95 66 76 79 30 54 46 41 86 40 58 2 29 72 5 67 53 88 1 34 74 21 7 22 20 61 16 82 24 49 69 89 90 71 33 75 94 93 38 97 70 85 37 27 87 57 55 4 42 23 
89 16 33 7 57 97 21 74 87 38 27 82 41 61 37 71 53 5 70 54 46 55 30 66 63 19 49 4 85 64 78 1 79 42 12 34 94 90 93 76 67 22 14 29 69 75 26 84 20 88 40 0 52 39 59 11 3 58 2 72 45 92 68 13 48 23 17 28 98 56 73 35 31 18 9 91 99 32 60 36 44 80 25 96 65 8 15 77 62 43 6 81 50 47 83 95 10 51 86 24 
60 77 8 31 81 6 23 36 28 17 45 15 50 48 62 43 65 11 92 52 18 0 39 98 47 91 9 83 84 3 10 51 13 26 35 44 56 59 95 14 32 80 73 99 96 12 86 78 68 64 76 19 63 66 79 30 54 40 2 58 72 46 41 29 88 5 67 53 1 34 74 20 22 21 7 61 82 16 69 90 24 49 71 75 89 94 93 33 38 70 85 97 37 27 87 57 55 4 42 25 
14 84 39 12 0 78 52 11 64 3 59 66 63 45 19 79 30 76 92 46 54 48 41 17 28 23 5 13 31 98 53 29 18 36 40 60 67 9 1 91 68 74 34 35 56 73 25 58 88 21 99 7 32 2 65 72 44 8 15 77 80 22 62 43 61 82 81 20 50 96 6 16 47 24 49 71 90 83 89 69 94 10 33 95 93 51 75 38 70 97 37 85 27 87 57 86 55 4 42 26 
38 37 70 87 55 97 71 4 82 57 85 61 42 49 89 33 21 24 7 16 94 74 93 53 90 5 1 22 34 75 69 46 67 30 41 54 79 66 29 64 20 76 63 19 12 78 88 40 14 26 58 59 2 72 84 39 3 0 68 52 11 13 92 73 56 35 45 98 48 99 9 32 18 91 17 44 28 80 23 96 31 36 60 65 25 15 43 47 62 8 77 50 95 83 81 10 6 51 86 27 
17 48 36 45 60 23 31 92 11 25 15 8 77 18 62 65 98 43 39 50 81 91 3 9 52 13 0 6 47 84 35 26 59 56 83 44 73 32 99 80 10 51 14 96 95 68 12 78 86 64 76 79 40 58 2 72 66 63 19 30 29 46 54 88 41 67 5 1 34 53 20 74 22 21 7 61 82 69 90 49 16 75 71 93 94 24 89 33 38 85 70 37 27 97 87 55 57 4 42 28 
67 34 1 88 40 76 22 79 20 58 64 69 53 5 2 90 72 59 75 30 61 93 49 46 94 82 74 68 66 12 3 71 78 21 26 54 85 14 7 13 41 63 19 73 39 70 56 35 38 92 11 84 37 99 4 27 32 98 55 9 16 44 42 91 18 80 0 87 52 48 97 24 89 96 45 17 33 28 57 65 36 23 47 60 43 31 15 95 62 83 25 50 10 51 8 86 77 81 6 29 
46 66 64 54 5 41 12 63 78 53 19 79 74 76 14 21 7 1 26 34 61 67 29 82 84 16 24 39 71 22 59 89 49 0 52 40 33 38 11 3 88 97 70 90 27 37 20 94 87 93 85 57 69 58 92 55 75 45 2 4 72 68 13 48 17 28 23 42 98 56 35 73 18 9 91 31 99 32 36 60 44 80 25 65 96 15 8 77 62 43 47 50 81 6 83 95 10 51 86 30 
23 60 25 45 28 8 77 36 6 17 81 48 11 15 52 0 39 50 62 92 84 43 65 18 26 98 3 91 9 47 14 13 83 59 35 10 51 56 44 12 78 73 32 80 99 95 96 64 68 19 63 66 76 79 86 30 54 46 41 40 58 2 72 29 5 88 67 53 1 34 74 21 7 20 22 61 82 16 24 49 69 90 89 71 33 75 94 93 38 97 70 85 37 27 87 57 55 4 42 31 
99 44 80 73 56 35 96 9 13 91 98 18 68 95 47 65 92 3 59 83 10 2 72 43 51 48 86 58 17 62 15 28 11 36 50 40 45 39 88 60 8 76 26 29 77 23 25 31 81 84 79 67 52 0 20 64 14 12 34 1 78 6 22 30 66 46 5 69 53 63 19 54 75 90 41 74 93 61 94 49 82 21 7 71 85 70 38 16 37 4 27 24 55 89 42 97 87 33 57 32 
89 24 16 57 97 7 87 21 27 38 74 37 70 71 82 61 55 53 41 5 54 46 49 4 30 85 66 63 19 42 94 1 64 79 78 34 12 93 90 22 67 76 14 29 69 75 26 20 84 88 40 0 39 52 59 58 11 3 2 72 68 92 45 13 48 23 17 28 56 73 98 35 18 31 9 91 99 32 60 36 44 80 25 96 65 8 15 77 62 43 6 81 47 50 83 95 10 51 86 33 
1 67 22 29 79 76 20 53 90 88 69 5 61 49 40 82 94 93 75 64 74 71 30 46 21 85 58 66 7 70 2 72 12 38 59 54 37 78 4 41 27 55 63 19 26 14 68 42 16 87 3 97 24 89 39 33 84 13 57 11 73 56 92 35 99 0 52 98 32 9 91 18 44 48 80 45 17 96 28 23 36 65 60 31 47 43 15 62 95 25 83 50 8 10 51 77 86 81 6 34 
56 73 99 32 13 44 9 80 98 91 18 96 68 92 3 59 65 47 48 95 2 72 17 43 83 58 11 10 28 62 51 15 36 40 86 50 45 39 88 60 26 76 8 29 23 84 25 31 77 79 52 0 67 81 14 64 12 20 34 1 78 6 22 30 66 46 5 53 63 19 69 54 75 41 90 74 93 61 94 82 49 21 7 71 85 70 16 38 37 24 4 27 89 55 97 42 87 33 57 35 
28 17 60 15 8 48 25 77 62 45 50 31 43 65 23 81 92 18 11 98 91 6 47 9 83 39 3 13 10 51 52 35 44 0 56 32 80 73 99 84 95 59 96 26 68 86 14 12 78 76 64 2 58 72 40 79 66 63 19 30 29 88 46 54 67 41 5 1 34 53 20 22 74 21 7 61 82 69 90 49 75 16 71 93 94 24 89 85 33 38 70 37 27 97 87 55 4 57 42 36 
70 27 38 55 87 71 4 85 97 82 42 49 61 57 94 21 89 33 93 7 74 24 16 90 53 5 1 75 22 69 34 67 46 30 79 29 41 20 54 66 64 76 63 19 88 12 78 40 14 58 26 2 72 59 84 39 3 68 0 52 11 13 92 73 56 35 45 99 98 48 32 9 18 91 17 44 80 28 23 96 36 31 60 65 25 15 43 47 62 8 95 77 50 83 10 81 51 6 86 37 
27 37 70 87 71 55 97 82 4 61 85 49 57 42 21 89 7 33 74 94 16 24 53 93 90 5 1 34 22 75 69 46 67 30 41 79 54 66 29 64 20 76 63 19 12 78 88 40 14 26 58 59 2 72 84 39 3 68 0 52 11 13 92 73 56 35 45 98 48 99 9 32 18 91 17 44 28 80 23 96 31 36 60 65 25 15 43 47 62 8 77 50 95 83 81 10 6 51 86 38 
11 26 84 52 0 45 14 3 92 48 17 28 59 12 23 78 31 64 36 60 13 98 18 76 66 79 91 63 19 9 25 30 35 56 54 46 8 65 73 15 68 77 41 62 99 32 44 43 40 29 5 81 50 80 6 58 67 53 47 1 2 96 72 34 88 74 83 10 21 51 7 95 22 20 61 82 16 86 49 24 90 69 71 89 94 75 93 33 38 70 85 97 37 27 87 57 55 4 42 39 
88 58 29 2 72 67 20 76 68 34 59 1 22 79 3 69 64 13 73 56 35 90 75 99 53 5 32 30 92 93 26 12 98 9 44 46 94 80 66 49 91 61 11 39 18 14 78 82 96 74 84 48 71 54 21 63 85 19 17 41 45 7 0 52 28 65 70 38 37 4 47 36 95 27 55 43 42 16 23 15 62 83 60 87 10 24 97 51 31 86 89 50 33 25 8 57 77 81 6 40 
54 63 19 66 46 30 78 5 12 74 7 64 21 53 14 16 79 24 89 26 76 84 33 61 82 1 34 0 71 52 97 39 67 29 38 57 49 87 27 70 37 22 59 11 3 40 55 85 94 90 88 93 45 4 20 69 92 75 58 23 48 42 17 13 28 2 68 72 31 98 18 60 56 35 9 73 36 91 25 99 32 44 80 8 65 77 15 6 96 62 43 81 50 47 83 95 10 51 86 41 
4 55 85 70 37 27 38 94 71 49 93 87 90 82 61 97 75 69 57 22 21 74 1 34 33 89 7 53 24 16 20 67 5 29 46 79 30 88 76 64 66 41 54 40 63 19 58 12 78 72 2 14 59 26 68 3 84 39 13 11 0 73 52 56 92 35 99 32 98 9 44 80 91 18 48 45 96 17 28 23 36 65 31 60 47 43 15 95 62 25 83 8 50 10 77 51 86 81 6 42 
62 65 50 15 47 83 10 51 36 18 91 8 17 98 9 28 95 48 77 81 60 44 92 25 80 96 35 32 86 13 56 45 99 31 73 23 6 11 3 39 59 68 52 0 84 26 2 72 58 14 40 76 12 78 64 88 79 29 66 67 30 63 19 46 34 1 54 20 5 41 53 22 74 69 21 90 61 75 7 82 49 93 94 71 16 24 85 89 38 70 37 33 27 97 4 55 87 57 42 43 
80 32 99 96 35 56 73 9 91 98 13 18 68 95 47 65 92 83 10 3 51 43 86 48 59 62 17 15 2 72 50 28 36 58 11 45 40 39 60 8 88 77 25 23 26 81 31 76 29 84 52 0 79 67 14 64 20 12 6 34 78 1 22 30 66 46 5 53 63 69 19 54 75 90 41 74 93 61 94 49 82 21 7 71 85 70 16 38 37 4 24 27 55 89 42 97 87 33 57 44 
28 17 11 23 48 31 60 39 36 92 52 0 25 84 3 8 26 77 18 15 98 81 65 91 62 9 13 59 43 6 50 14 35 56 12 47 73 78 44 32 99 80 83 64 68 96 10 76 51 79 63 19 66 95 30 54 46 40 58 2 41 72 29 86 5 88 67 53 1 34 74 20 22 21 7 61 82 16 69 49 90 24 71 75 89 94 93 33 38 70 85 97 37 27 87 57 55 4 42 45 
30 66 54 5 41 64 53 63 19 74 78 12 79 21 7 76 14 1 61 26 82 34 16 67 29 24 84 89 71 49 33 22 39 38 59 0 97 52 40 70 27 37 87 88 90 94 11 57 3 85 20 93 69 55 75 58 4 92 45 2 72 68 13 42 48 17 23 28 98 56 35 73 18 9 91 31 99 32 36 60 44 80 25 65 96 15 8 77 62 43 47 50 81 6 83 95 10 51 86 46 
83 10 51 65 43 95 62 50 15 91 18 9 44 86 96 98 80 32 35 99 36 56 73 13 17 48 92 28 8 77 60 81 3 25 45 68 11 31 23 59 6 39 2 72 58 52 26 0 84 40 14 76 88 12 29 79 64 78 67 20 66 30 34 1 63 46 19 22 54 5 53 41 69 74 75 90 61 21 82 93 49 7 94 71 85 16 70 24 38 37 89 27 4 33 55 97 87 42 57 47 
17 28 92 45 36 11 18 98 60 3 91 65 9 23 15 39 13 31 62 43 25 8 50 35 77 59 56 52 0 47 44 73 81 26 84 32 99 80 83 96 6 68 10 51 14 95 12 78 76 64 86 58 40 2 79 72 66 30 29 63 19 88 46 54 67 41 5 1 34 53 20 22 74 21 7 61 69 82 90 49 75 93 16 71 94 24 89 85 38 70 33 37 27 97 87 4 55 57 42 48 
71 61 82 94 85 90 93 70 37 38 4 55 22 27 1 34 75 69 42 53 74 21 87 67 5 97 7 20 29 79 57 16 46 89 76 30 24 33 88 64 66 40 54 41 63 12 19 78 58 2 72 14 59 26 68 3 84 39 11 13 0 52 73 92 56 35 99 98 32 9 48 45 18 91 44 80 17 96 28 23 36 65 31 60 47 15 43 25 62 95 8 83 50 77 10 51 86 81 6 49 
62 15 43 65 36 8 47 83 77 81 10 51 60 28 17 25 18 48 91 98 95 9 6 31 92 45 23 44 86 80 96 13 35 32 56 11 99 73 3 39 59 52 0 68 84 26 14 2 72 58 12 40 76 78 64 79 88 29 66 63 30 19 67 46 54 34 1 41 5 20 53 22 74 69 21 7 61 90 82 75 49 93 94 71 16 24 85 89 38 70 33 37 27 97 4 87 55 57 42 50 
10 83 47 95 86 43 65 62 50 15 96 91 44 80 18 9 98 32 99 35 36 56 73 13 8 17 48 28 77 81 92 60 25 3 68 45 31 11 6 23 59 39 2 72 58 52 0 26 84 40 88 14 76 12 29 79 64 78 67 20 34 66 30 1 63 46 19 22 54 5 53 41 69 74 75 90 61 93 21 82 49 94 7 71 85 16 70 38 24 37 89 27 4 55 33 97 87 42 57 51 
0 84 39 26 11 14 45 23 12 78 31 28 48 17 92 60 3 19 63 36 25 64 59 66 54 30 8 77 41 46 79 18 98 76 13 6 81 91 15 9 65 62 5 35 43 50 56 73 53 68 29 44 32 99 40 74 47 67 80 1 34 7 58 21 96 83 88 2 72 10 51 16 95 61 22 82 24 20 89 49 71 33 86 90 69 38 94 97 93 75 70 27 37 57 87 85 55 4 42 52 
5 74 46 21 30 61 82 79 7 1 66 64 34 54 41 76 71 67 49 29 63 12 16 19 22 78 38 24 70 89 90 94 37 27 97 85 33 93 14 87 69 55 20 40 88 26 75 57 4 59 42 84 58 39 3 0 2 72 52 11 68 92 13 45 56 73 48 35 98 17 9 18 99 28 91 32 23 44 80 31 36 96 60 65 25 15 43 62 8 47 77 50 81 95 83 6 10 51 86 53 
41 63 19 66 46 30 78 12 64 5 74 53 14 7 21 79 16 26 76 84 24 89 61 1 82 0 33 34 52 39 67 29 71 97 49 38 59 11 57 22 87 27 70 37 3 40 88 90 94 45 85 55 92 20 93 69 4 58 48 23 75 17 13 28 68 2 72 42 31 98 18 56 35 60 9 73 36 91 25 99 32 44 80 8 65 77 15 96 62 6 43 81 50 47 83 95 10 51 86 54 
37 70 4 27 38 42 85 87 71 49 97 82 61 94 57 93 90 21 33 89 7 74 24 16 75 53 69 22 1 5 34 67 46 20 29 30 79 41 54 66 64 76 88 63 19 40 12 78 58 14 2 72 26 59 84 68 3 39 0 52 11 13 92 73 56 35 99 98 32 45 9 48 18 91 44 80 17 28 96 23 36 31 60 65 25 15 47 43 62 8 95 50 77 83 10 51 81 6 86 55 
35 73 99 32 13 44 80 9 98 91 96 68 18 3 92 59 65 47 2 72 48 95 58 17 43 83 11 10 28 51 40 62 15 36 86 45 50 39 88 76 26 60 29 8 23 84 79 25 31 77 67 52 0 64 14 81 20 12 34 1 78 22 30 66 6 46 5 53 69 63 19 54 75 90 41 74 93 61 94 49 82 21 7 71 85 70 16 38 37 4 27 24 55 89 42 97 87 33 57 56 
97 33 87 89 24 27 16 38 37 70 55 7 21 71 82 61 74 4 42 85 49 53 5 41 94 46 54 30 93 66 90 1 63 19 34 22 64 79 75 67 69 78 12 76 29 20 14 88 26 40 84 59 58 39 0 52 2 72 3 11 68 92 13 45 48 56 73 35 98 17 23 28 9 18 99 91 32 31 44 80 36 60 96 25 65 15 8 77 43 62 47 6 50 81 83 95 10 51 86 57 
2 72 40 88 68 29 20 59 67 73 76 56 13 35 99 34 3 22 32 1 79 80 44 9 69 98 96 91 92 75 64 18 90 26 11 93 53 5 39 12 30 94 48 46 49 14 66 61 17 78 65 82 84 74 95 45 28 47 71 54 85 52 0 63 43 36 83 19 21 41 10 86 62 51 15 7 70 50 23 60 4 38 37 31 27 55 42 8 25 16 77 87 97 24 81 89 33 57 6 58 
3 13 92 68 11 76 56 40 35 39 98 73 26 58 9 18 91 2 79 48 72 99 32 29 64 88 44 17 12 14 84 45 80 67 28 78 52 0 96 34 1 30 66 65 36 46 20 5 23 22 53 63 60 43 19 47 15 54 62 31 41 50 95 83 25 74 8 10 51 69 77 61 90 21 82 81 75 49 86 7 93 94 6 71 85 16 70 38 24 37 89 27 4 55 33 97 87 42 57 59 
25 31 36 8 77 23 28 17 81 45 48 15 6 50 62 43 11 65 92 18 39 52 0 98 91 47 9 3 84 83 13 26 10 51 35 44 56 59 32 73 80 14 99 95 96 12 68 78 86 64 76 19 63 79 66 30 40 58 2 72 54 46 41 29 88 5 67 1 53 34 74 20 22 21 7 61 82 16 69 90 49 24 71 75 93 94 89 33 38 70 85 97 37 27 87 57 55 4 42 60 
82 71 49 53 74 38 70 21 37 85 5 27 1 94 7 34 90 55 93 22 87 4 97 67 16 46 69 79 42 30 89 24 75 29 57 33 64 66 76 54 41 20 63 88 19 12 78 40 14 58 26 59 2 72 84 3 39 68 0 11 52 13 92 73 56 35 45 98 99 48 9 32 18 91 17 44 80 28 23 96 36 31 60 65 25 15 43 47 62 8 95 77 50 83 10 81 51 6 86 61 
43 15 50 65 47 36 83 8 10 51 77 17 28 18 81 60 48 91 25 98 9 95 92 45 31 44 80 23 6 13 96 35 32 86 56 99 11 73 3 39 59 68 52 0 84 26 14 2 72 58 40 12 76 78 64 79 88 29 66 30 63 19 67 46 54 34 1 5 20 41 53 22 74 69 21 7 61 90 82 75 49 93 94 71 16 24 85 89 38 70 33 37 27 97 4 87 55 57 42 62 
19 54 41 66 78 12 46 30 14 64 5 26 74 53 79 84 7 21 76 0 52 16 39 24 1 89 61 82 34 11 33 67 29 59 3 71 45 97 49 38 22 40 57 92 87 27 70 23 37 88 48 17 28 90 94 20 85 31 13 58 55 93 69 68 98 60 2 4 72 75 18 36 9 35 56 91 73 25 42 99 32 8 44 77 65 15 80 6 62 81 43 96 50 47 83 10 95 51 86 63 
79 30 66 12 46 76 78 5 54 14 53 63 19 26 41 74 1 29 34 67 84 59 21 39 7 40 61 3 82 0 52 11 22 88 49 16 71 58 20 92 24 90 45 2 68 13 72 89 94 69 48 38 93 33 70 75 17 37 85 98 27 97 56 35 28 73 18 87 9 23 91 55 57 99 32 4 31 36 44 60 80 42 65 96 25 15 8 43 62 77 47 50 81 6 83 95 10 51 86 64 
43 62 47 15 18 50 91 83 9 98 10 36 51 17 48 28 44 95 92 80 35 96 13 32 8 56 99 60 73 77 81 45 25 86 3 11 31 23 68 59 6 39 52 0 26 84 2 72 58 14 40 76 12 88 64 78 79 29 67 66 30 63 19 34 46 1 20 54 5 22 41 53 74 69 90 21 75 61 7 82 49 93 94 71 16 85 24 70 38 89 37 27 33 4 97 55 87 42 57 65 
30 46 54 63 78 19 64 12 41 5 79 14 53 74 76 26 21 7 84 1 34 16 61 67 29 39 82 0 52 24 59 89 71 11 22 49 33 3 40 38 88 97 70 27 37 90 45 87 92 20 94 57 58 85 93 69 48 13 55 68 75 2 72 17 23 28 4 98 56 18 35 31 73 9 91 42 60 36 99 32 44 25 80 65 8 15 96 77 62 43 6 81 50 47 83 95 10 51 86 66 
29 34 1 22 76 88 20 79 40 69 90 53 5 64 75 58 61 49 93 94 82 30 2 74 46 72 71 59 66 21 85 12 68 7 78 54 70 26 3 38 41 14 37 63 19 4 27 55 13 39 42 73 16 84 56 87 11 35 97 92 24 99 89 32 98 33 9 0 52 44 57 91 18 80 48 45 96 17 28 65 36 23 60 47 31 43 15 95 62 83 25 50 10 8 51 77 86 81 6 67 
73 56 2 72 35 99 13 58 32 59 44 80 40 9 3 98 96 91 18 88 92 29 76 48 11 65 67 20 17 47 95 79 39 26 28 34 43 83 1 45 64 10 22 36 62 51 86 15 12 84 14 50 69 52 78 0 30 60 66 5 23 46 53 75 90 8 31 25 77 93 63 54 19 94 81 74 61 49 82 41 21 71 6 7 85 70 38 37 4 16 27 55 42 24 89 87 97 33 57 68 
75 90 93 22 94 20 34 49 67 1 85 29 88 61 82 71 40 4 70 42 53 76 58 37 55 79 38 5 72 2 27 74 21 64 87 30 46 7 97 66 68 59 16 12 54 57 89 41 24 78 33 63 3 19 26 14 73 13 56 35 99 32 39 92 84 11 44 98 80 9 91 96 18 0 52 48 45 17 28 65 36 47 95 23 43 60 15 62 83 31 10 86 51 50 25 8 77 81 6 69 
37 38 27 55 71 4 85 87 49 82 61 42 97 94 57 93 21 90 74 7 89 33 53 16 24 75 5 1 22 69 34 67 46 30 29 79 20 41 66 54 64 76 88 63 19 40 12 78 14 58 26 2 72 59 84 3 39 68 0 52 11 13 92 73 56 35 99 98 45 32 48 9 18 91 44 17 80 28 96 23 36 31 60 65 25 15 43 47 62 8 95 77 50 83 10 81 51 6 86 70 
82 61 70 49 38 37 27 85 55 4 87 94 21 97 74 93 42 53 90 7 1 5 34 22 57 16 89 24 33 75 69 67 46 30 79 29 20 66 64 76 41 54 88 63 19 12 40 78 14 58 26 59 2 72 84 3 39 68 0 11 52 13 92 73 56 35 99 98 45 48 32 9 18 91 17 44 80 28 23 96 36 31 60 65 25 15 43 47 62 8 95 50 77 83 10 81 51 6 86 71 
2 58 40 68 88 73 29 20 59 56 99 35 13 32 67 76 80 3 44 96 34 22 9 98 1 91 79 92 18 69 75 64 90 11 26 48 39 93 53 5 12 65 94 95 17 30 47 14 46 49 66 28 78 61 45 84 83 82 86 43 10 74 36 51 62 15 52 0 71 54 85 63 19 21 50 41 60 23 7 70 31 4 38 8 37 25 42 55 77 27 81 16 87 97 24 89 6 33 57 72 
56 35 99 32 44 80 13 9 68 96 98 91 18 3 92 59 2 72 65 58 47 95 48 17 83 43 40 10 11 51 62 28 86 15 36 88 45 39 50 76 26 29 60 79 8 67 23 84 20 25 31 77 64 52 0 14 12 34 81 1 78 22 30 66 6 46 5 69 53 63 19 54 75 90 41 74 93 61 94 49 82 21 7 71 85 70 38 16 37 4 27 24 55 89 42 97 87 33 57 73 
21 53 7 5 46 61 82 30 16 41 54 66 71 24 64 89 79 1 49 38 63 34 19 33 97 70 27 37 87 76 78 12 67 57 22 29 85 55 94 90 93 4 14 69 26 42 75 20 40 88 84 59 39 0 58 52 3 11 2 72 68 92 13 45 48 56 73 35 98 17 28 23 9 18 99 91 32 44 31 80 36 60 96 65 25 15 8 43 62 77 47 50 81 6 83 95 10 51 86 74 
69 90 93 94 22 20 49 85 34 67 1 29 88 61 71 4 82 42 70 40 55 37 38 53 27 76 58 79 5 74 72 2 21 87 64 7 97 46 30 66 68 59 57 16 89 24 54 12 33 41 78 63 19 3 26 14 73 13 56 35 99 32 39 84 92 11 44 80 98 9 91 96 18 0 52 48 45 17 28 65 36 47 95 23 43 60 15 83 62 31 10 86 51 50 25 8 77 81 6 75 
79 29 64 67 1 34 40 30 5 59 12 53 46 88 66 26 78 22 14 58 3 20 74 54 63 2 72 19 39 61 41 68 84 82 21 11 90 49 69 13 7 92 71 94 75 93 0 52 56 73 35 98 48 9 99 45 18 85 32 91 16 70 38 17 44 37 28 80 24 27 89 4 55 97 96 87 33 23 36 65 42 57 31 60 15 43 47 62 25 8 50 95 83 77 10 51 81 6 86 76 
8 81 25 60 6 36 31 15 50 28 23 62 17 43 45 48 65 47 18 92 11 83 91 98 10 51 9 52 39 0 3 13 95 84 44 35 56 80 32 26 96 73 99 59 86 14 68 12 78 64 76 19 63 79 2 66 58 72 40 30 54 46 29 41 88 67 5 1 34 53 74 20 22 21 7 61 82 69 16 90 49 24 75 71 93 94 89 33 38 85 70 97 37 27 87 57 55 4 42 77 
12 14 63 19 66 54 64 30 26 46 41 84 79 5 0 39 52 76 53 74 11 7 21 59 3 1 29 34 67 45 16 92 61 82 40 24 48 23 89 17 28 22 88 13 71 33 31 49 58 98 68 18 60 20 36 38 97 2 9 35 72 56 91 90 73 70 27 94 37 25 87 57 69 93 85 99 32 75 44 8 55 65 77 15 80 4 62 6 43 81 96 50 42 47 83 10 95 51 86 78 
76 64 30 5 1 29 46 53 67 34 66 12 78 74 54 40 14 26 63 59 22 41 19 88 61 21 82 7 20 3 84 39 58 49 90 71 69 2 11 72 94 93 68 0 52 75 16 92 13 38 85 70 24 37 89 27 56 73 35 45 48 98 97 33 87 55 9 4 18 17 99 91 32 28 57 44 42 80 23 36 96 31 60 65 25 15 43 62 47 8 50 77 95 83 81 10 51 6 86 79 
44 32 96 99 35 73 56 9 91 98 13 18 95 68 47 65 83 10 92 51 86 3 43 59 48 62 2 72 17 15 58 50 36 28 11 40 45 39 60 8 88 77 25 23 26 76 81 31 29 84 52 0 79 67 20 14 64 12 6 34 1 78 22 30 66 46 5 69 53 63 19 54 75 90 41 74 93 61 94 49 82 21 7 71 85 70 38 16 37 4 27 24 55 89 42 97 87 33 57 80 
77 8 25 6 60 36 15 50 31 62 23 28 43 17 65 45 48 47 83 18 10 92 51 11 91 98 9 52 39 0 95 3 13 44 35 84 80 56 32 96 86 99 73 26 59 14 68 12 78 64 76 2 19 63 72 58 79 66 40 30 54 46 29 41 88 67 5 1 34 53 74 20 22 21 7 61 82 69 16 90 49 75 24 71 93 94 89 33 38 85 70 97 37 27 87 57 55 4 42 81 
61 71 49 38 70 74 21 53 37 27 85 5 7 94 1 55 87 34 4 90 97 93 22 16 67 89 42 46 24 57 69 30 33 79 75 29 66 64 76 41 54 20 63 19 88 12 78 40 14 58 26 59 2 72 84 39 3 68 0 52 11 13 92 73 56 35 45 98 99 48 9 32 18 91 17 44 28 80 23 96 36 31 60 65 25 15 43 47 62 8 77 95 50 83 10 81 51 6 86 82 
10 51 47 95 43 65 62 50 86 15 91 96 18 44 9 80 98 32 36 99 35 56 73 17 48 13 8 28 92 77 81 60 25 3 45 68 31 11 23 6 59 39 2 72 58 52 0 26 84 40 14 76 88 12 29 79 64 78 67 20 66 30 34 1 63 19 46 22 54 5 53 41 69 74 75 90 61 21 93 82 49 94 7 71 85 16 70 24 38 37 89 27 4 33 55 97 87 42 57 83 
0 52 26 39 14 11 12 78 45 19 63 64 23 66 3 92 48 59 28 30 17 54 31 46 79 41 76 60 36 25 13 5 98 18 53 91 9 8 77 29 35 74 56 40 15 68 67 65 1 73 6 81 34 62 7 21 43 99 32 44 50 58 88 80 2 72 47 16 96 61 22 82 24 83 20 89 10 49 71 51 95 33 90 69 94 38 93 97 75 70 27 37 87 85 57 86 55 4 42 84 
4 49 94 70 42 71 55 37 93 38 90 27 82 61 75 69 87 22 97 1 34 21 53 74 67 57 7 20 5 29 89 16 33 24 79 46 88 76 30 64 40 66 41 54 58 63 19 12 78 2 72 14 59 26 68 3 84 39 13 11 73 0 56 52 92 35 99 32 98 9 44 91 18 80 48 45 96 17 28 23 36 65 31 60 47 43 15 95 62 25 83 8 50 10 77 51 86 81 6 85 
95 51 10 83 47 96 80 44 65 43 32 99 91 62 9 50 35 18 56 73 98 15 13 36 68 92 48 17 28 8 3 77 81 60 25 59 2 72 45 11 58 31 23 6 39 40 88 26 52 0 84 76 29 14 79 20 67 12 64 78 34 1 22 30 66 46 69 5 63 19 53 54 75 90 41 93 74 94 61 49 82 21 7 71 85 70 16 38 37 4 24 27 55 89 42 97 87 33 57 86 
97 27 38 37 57 70 55 71 33 89 4 82 24 61 16 85 42 21 7 49 74 94 53 5 93 90 1 46 34 22 41 30 75 54 69 66 67 79 64 63 19 29 76 20 78 12 88 14 40 26 58 84 59 2 72 39 0 52 3 11 68 92 13 45 73 56 35 48 98 99 9 17 32 18 91 28 23 44 80 31 96 36 60 65 25 15 43 8 62 47 77 50 95 81 83 6 10 51 86 87 
40 58 20 29 67 2 72 22 34 1 76 69 68 79 59 75 90 93 64 94 3 53 5 73 49 13 56 61 35 99 30 82 32 46 12 66 74 26 71 85 44 92 80 98 9 78 91 14 39 96 11 21 18 54 70 7 63 84 4 41 19 38 48 37 55 42 27 17 45 0 52 28 65 87 16 97 47 95 24 36 89 43 33 83 23 62 15 57 10 60 86 51 31 50 25 8 77 81 6 88 
33 24 16 57 97 7 21 87 74 38 27 37 82 71 70 61 53 41 5 55 54 46 49 30 66 4 63 19 85 42 64 1 94 79 78 34 12 90 93 22 67 76 14 29 69 75 26 20 84 88 40 0 39 52 59 58 11 3 2 72 92 68 45 13 48 23 17 28 56 73 98 35 18 9 31 91 99 32 60 36 44 80 25 96 65 8 15 77 62 43 6 81 47 50 83 95 10 51 86 89 
93 94 69 75 22 49 85 34 20 1 61 67 71 82 4 29 70 42 37 55 88 38 53 27 5 74 40 79 76 21 87 7 58 97 46 64 30 72 2 66 16 57 89 24 33 54 41 12 59 78 68 63 19 14 26 3 13 73 39 56 84 35 99 11 92 32 98 9 44 0 80 52 91 18 96 48 45 17 28 65 23 36 47 95 60 31 43 15 62 83 10 25 50 51 86 8 77 81 6 90 
9 18 98 35 13 44 56 32 80 73 99 65 92 96 47 48 3 43 17 62 83 15 28 95 68 36 10 59 51 50 11 45 60 86 39 8 77 25 2 23 72 31 58 81 26 40 52 84 0 76 6 88 14 29 12 79 64 78 67 34 20 66 30 1 46 63 19 22 5 54 53 41 69 74 90 75 61 21 82 93 49 7 94 71 85 16 70 38 24 37 89 27 4 33 55 97 87 42 57 91 
48 3 98 18 17 11 13 91 9 28 45 59 35 39 56 36 65 73 44 32 99 15 80 60 26 43 68 23 62 84 52 47 96 31 0 50 25 8 77 83 14 10 76 95 81 51 12 58 2 40 72 64 78 79 6 29 88 86 66 30 67 63 19 46 34 1 54 5 41 53 20 22 74 21 69 61 7 82 90 75 49 93 94 71 16 24 85 38 89 70 37 33 27 97 4 87 55 57 42 92 
94 90 75 69 49 85 22 71 4 61 20 34 82 1 42 70 67 55 37 38 29 27 53 88 5 74 87 21 40 79 76 97 7 58 46 30 64 57 72 2 16 89 24 66 33 54 41 12 59 78 63 19 68 14 26 3 13 73 39 84 56 35 99 11 92 32 98 9 0 44 80 52 91 18 96 48 45 17 28 65 23 36 47 95 60 31 43 15 62 83 10 25 51 50 86 8 77 81 6 93 
93 90 49 85 75 69 22 71 4 61 82 70 42 34 55 1 37 38 20 67 27 29 53 87 74 5 21 88 97 79 7 76 40 46 57 30 64 16 89 24 33 58 66 72 2 54 41 12 63 78 19 59 68 14 26 3 84 39 13 73 56 35 11 92 99 32 0 52 98 9 44 80 91 18 48 96 45 17 28 23 65 36 31 60 47 95 43 15 62 83 25 10 50 51 8 86 77 81 6 94 
86 10 51 83 47 96 80 44 65 43 32 91 9 99 62 18 35 98 56 50 73 15 13 36 92 48 17 68 28 8 3 77 60 81 59 25 45 11 2 72 31 58 23 39 6 40 26 88 52 0 84 76 29 14 79 12 64 67 20 78 34 1 22 30 66 46 63 19 5 53 54 69 41 75 90 74 93 61 94 49 82 21 7 71 85 16 70 38 37 24 4 27 89 55 42 97 33 87 57 95 
80 44 32 99 73 35 56 9 91 95 98 13 18 47 68 83 86 65 10 51 43 92 3 62 48 15 2 72 59 50 17 58 36 28 11 40 45 60 8 39 88 77 25 81 23 31 76 26 29 84 52 0 67 79 20 6 14 64 12 34 1 78 22 30 66 46 69 5 53 63 19 75 54 90 41 93 74 94 61 49 82 21 7 71 85 70 38 16 37 4 27 24 55 42 89 97 87 33 57 96 
87 57 27 38 33 89 37 24 70 16 55 71 7 21 82 61 4 74 49 85 42 53 5 94 46 41 93 90 54 30 1 34 66 22 63 19 79 75 64 67 69 29 76 78 12 20 14 88 40 26 84 59 58 39 0 2 52 72 3 11 68 92 13 45 73 56 48 35 98 17 99 9 23 28 18 32 91 44 80 31 36 60 96 65 25 15 8 43 62 77 47 50 81 6 95 83 10 51 86 97 
18 91 9 13 35 56 92 44 73 32 99 80 65 3 48 96 17 47 43 28 68 59 36 62 11 15 83 45 95 50 10 51 39 60 8 23 2 86 72 25 58 31 77 26 40 81 84 52 0 76 14 88 6 12 79 29 64 78 67 66 30 34 1 20 46 63 19 5 22 54 53 41 69 74 90 75 61 21 82 93 49 7 94 71 85 16 70 38 24 37 89 27 4 33 55 97 87 42 57 98 
32 73 56 44 80 35 96 9 13 91 98 68 18 92 3 95 47 65 59 2 72 83 58 48 10 43 51 86 17 62 15 40 11 28 36 50 45 88 39 76 60 26 29 8 23 77 25 31 79 67 84 81 20 52 0 64 14 12 34 1 22 78 6 30 66 46 5 69 53 63 19 75 54 90 41 74 93 61 94 49 82 21 7 71 85 70 38 16 37 4 27 24 55 89 42 97 87 33 57 99 