1
101
629
1 41 49
2 35 17
3 55 45
4 55 20
5 15 30
6 25 30
7 20 50
8 10 43
9 55 60
10 30 60
11 20 65
12 50 35
13 30 25
14 15 10
15 30 5
16 10 20
17 5 30
18 20 40
19 15 60
20 45 65
21 45 20
22 45 10
23 55 5
24 65 35
25 65 20
26 45 30
27 35 40
28 41 37
29 64 42
30 40 60
31 31 52
32 35 69
33 53 52
34 65 55
35 63 65
36 2 60
37 20 20
38 5 5
39 60 12
40 40 25
41 42 7
42 24 12
43 23 3
44 11 14
45 6 38
46 2 48
47 8 56
48 13 52
49 6 68
50 47 47
51 49 58
52 27 43
53 37 31
54 57 29
55 63 23
56 53 12
57 32 12
58 36 26
59 21 24
60 17 34
61 12 24
62 24 58
63 27 69
64 15 77
65 62 77
66 49 73
67 67 5
68 56 39
69 37 47
70 37 56
71 57 68
72 47 16
73 44 17
74 46 13
75 49 11
76 49 42
77 53 43
78 61 52
79 57 48
80 56 37
81 55 54
82 15 47
83 14 37
84 11 31
85 16 22
86 4 18
87 28 18
88 26 52
89 26 35
90 31 67
91 15 19
92 22 22
93 18 24
94 26 27
95 25 24
96 22 27
97 25 21
98 19 21
99 20 26
100 18 18
101 35 35
EOF

68 49 69 30 26 29 75 27 32 50 76 2 51 80 87 100 9 19 78 11 8 52 67 25 61 79 77 6 31 88 89 17 28 39 57 62 5 33 65 70 10 12 53 81 34 93 18 23 47 59 20 95 82 94 98 3 4 7 58 72 96 1 91 46 54 71 86 92 64 83 36 73 97 44 84 24 56 60 63 21 45 55 74 99 48 90 16 35 41 15 38 40 14 22 43 13 85 42 66 37 0 
56 86 12 39 57 72 20 96 21 40 41 71 73 94 14 93 52 91 36 74 5 25 58 95 97 98 99 42 92 100 55 3 84 88 90 13 27 11 22 26 4 43 60 15 38 53 59 17 51 83 54 75 79 82 24 67 68 85 37 49 76 0 16 2 66 23 30 6 7 44 81 87 28 78 32 69 47 61 80 9 29 50 77 45 8 18 46 33 19 10 89 31 62 35 34 70 65 48 63 64 1 
76 78 67 32 75 49 79 28 77 80 11 23 33 50 0 8 27 53 25 68 26 29 69 19 34 100 52 54 70 3 30 39 20 24 57 51 9 65 71 72 87 31 88 12 38 55 64 73 89 1 5 61 93 6 17 74 21 62 94 86 95 96 10 22 40 56 58 59 81 91 98 66 82 4 18 36 47 92 97 7 41 84 83 99 14 46 60 90 44 15 63 16 13 42 45 43 48 35 85 37 2 
55 38 53 54 71 20 24 72 73 74 21 25 22 11 39 79 23 40 66 67 1 57 52 27 75 76 28 56 2 12 100 86 26 49 78 14 93 94 96 0 5 32 41 68 77 88 91 58 80 95 36 33 42 51 97 98 92 99 50 84 8 17 30 59 69 90 4 13 29 60 87 43 82 15 83 6 19 34 9 70 81 61 7 16 85 37 44 31 47 65 89 62 10 18 64 46 45 35 48 63 3 
59 83 98 60 82 92 58 84 95 5 16 97 15 17 36 90 91 93 44 88 94 99 96 7 12 43 85 81 51 86 13 41 6 57 100 26 45 47 52 1 39 56 87 27 30 37 46 42 68 14 61 18 25 0 20 72 35 9 69 10 11 40 71 73 21 49 75 29 48 74 76 89 3 62 53 55 67 79 2 31 32 50 19 78 22 63 80 38 54 8 23 28 24 77 65 33 70 66 34 64 4 
93 95 88 94 98 12 58 59 91 92 96 4 17 36 97 100 52 57 84 86 51 82 26 60 83 99 90 1 39 27 15 41 56 7 16 25 81 6 43 44 68 13 20 87 30 72 85 0 11 14 47 71 42 73 75 21 49 61 40 45 69 9 46 74 76 3 18 37 53 67 79 55 2 29 10 32 50 78 89 35 80 22 38 54 62 19 23 31 24 28 8 48 77 33 63 65 66 70 34 64 5 
81 87 47 61 17 51 18 30 7 46 9 82 10 59 88 68 26 44 45 69 62 89 0 4 5 35 83 100 29 48 95 31 93 98 16 27 52 58 92 94 12 49 60 63 84 91 19 57 96 97 36 50 75 90 15 25 39 99 32 86 11 76 2 80 1 8 85 43 65 78 41 67 79 20 13 56 70 72 77 53 71 28 33 73 3 14 34 21 23 37 42 40 74 55 64 54 24 38 22 66 6 
44 81 82 45 47 17 59 6 83 46 4 16 51 18 87 88 35 60 5 95 98 61 92 58 84 15 30 93 10 91 94 97 26 36 48 90 9 85 99 100 12 68 96 43 52 69 57 62 86 0 27 89 13 29 41 63 39 1 31 25 49 37 56 75 11 19 20 42 50 14 72 76 32 2 67 71 79 80 73 78 8 21 40 53 65 74 3 77 55 70 28 23 33 34 54 22 38 24 64 66 7 
50 80 32 70 34 77 19 33 78 65 2 29 49 76 0 64 69 75 28 67 31 68 79 9 11 30 89 23 27 26 62 87 53 61 25 100 51 52 10 6 39 54 88 57 3 17 18 20 24 5 81 12 47 63 72 93 71 59 1 46 82 94 95 7 38 55 73 74 96 98 4 48 58 86 91 21 92 35 36 56 83 97 44 45 84 22 40 60 66 99 41 90 16 14 15 13 43 42 85 37 8 
61 89 30 69 62 87 29 31 10 6 18 68 0 19 51 47 50 81 26 49 17 46 63 65 32 8 27 48 88 100 7 75 80 35 70 82 2 59 76 5 45 52 78 11 77 34 44 67 93 4 25 95 12 33 57 79 83 98 39 64 94 58 28 92 16 91 96 60 84 36 53 97 86 1 20 23 90 99 15 72 3 71 41 56 85 43 54 73 13 21 24 55 74 40 14 38 42 22 37 66 9 
18 61 62 9 89 63 48 87 6 46 47 31 30 35 69 81 29 51 7 17 19 45 68 0 26 82 44 50 65 59 88 49 100 4 5 8 27 32 83 70 75 80 16 52 93 95 98 2 76 12 58 78 92 94 11 57 60 25 34 77 84 91 64 67 96 97 36 39 15 33 79 90 99 86 1 28 85 20 43 53 41 23 56 72 13 71 3 73 21 54 14 74 37 40 42 55 24 38 22 66 10 
79 25 67 75 27 53 76 2 49 39 52 23 78 100 3 20 26 28 0 32 57 54 68 71 72 77 80 24 12 73 1 50 55 51 74 88 5 8 21 30 33 38 69 93 29 94 86 40 56 87 95 96 17 19 22 58 91 98 9 34 59 6 36 66 70 92 97 4 41 61 14 82 84 99 31 81 89 65 90 83 60 7 47 62 10 42 13 15 18 43 44 64 16 46 85 45 35 37 48 63 11 
93 94 57 96 5 86 95 1 52 58 91 39 98 36 88 100 92 97 56 41 84 99 4 20 25 26 27 59 72 90 17 51 60 71 14 73 82 83 13 15 21 11 40 43 42 68 74 3 16 75 0 55 6 7 30 44 53 81 85 87 49 76 79 67 2 22 37 47 69 38 54 61 9 24 32 78 23 29 45 18 28 46 50 80 10 77 66 89 8 19 31 62 35 33 48 70 34 65 63 64 12 
43 41 90 99 15 36 37 42 84 97 60 85 91 92 58 86 96 14 56 94 98 95 4 93 1 12 83 5 16 59 57 40 82 88 39 44 17 21 52 72 73 20 100 7 71 74 51 25 26 27 81 55 6 22 45 3 47 11 68 87 30 38 53 0 46 75 49 61 79 18 54 67 76 24 69 9 35 66 2 10 23 29 32 78 28 48 50 80 89 62 31 77 19 8 33 63 65 70 34 64 13 
42 56 41 40 1 86 13 21 96 36 72 73 99 91 97 12 71 74 94 20 43 58 90 39 57 84 92 93 95 98 55 5 15 22 37 60 52 3 4 25 85 88 100 38 59 83 27 16 26 11 17 53 82 66 24 51 54 44 79 75 7 67 68 76 0 49 81 6 23 2 30 87 28 47 45 69 78 32 61 9 80 29 46 50 77 18 8 10 33 19 35 89 31 62 48 34 70 65 63 64 14 
60 90 43 84 85 99 92 97 36 4 13 16 83 58 91 98 95 96 37 41 59 94 82 93 5 44 86 12 42 17 88 7 56 1 14 57 81 45 51 52 100 39 6 26 47 72 20 27 40 21 25 46 87 71 73 30 68 18 61 74 35 0 11 55 3 9 69 75 10 49 22 48 53 76 79 29 67 2 38 89 62 54 32 50 24 31 78 80 19 23 63 28 66 8 77 33 65 70 34 64 15 
83 44 60 4 15 82 85 59 7 84 92 90 98 43 58 95 97 17 36 45 99 91 5 81 93 94 13 88 96 47 6 12 37 41 46 51 86 35 87 100 57 18 26 42 52 56 1 30 61 14 39 68 27 10 48 9 25 0 20 69 72 40 71 73 11 21 49 62 89 29 75 63 74 31 76 3 55 79 2 50 53 67 19 32 78 80 22 8 38 54 23 28 77 24 65 70 33 66 34 64 16 
59 82 51 88 81 6 7 4 5 83 87 95 44 47 93 98 26 30 58 92 100 94 12 16 60 61 68 84 91 52 97 36 45 46 96 18 27 57 9 15 90 99 0 69 86 10 39 1 25 35 85 29 41 43 49 75 89 11 13 56 62 48 20 31 72 76 50 2 19 32 14 67 71 79 42 63 73 37 78 80 21 53 3 8 40 74 55 77 28 65 23 54 70 33 22 24 38 34 64 66 17 
10 46 47 61 6 48 35 81 87 9 62 63 89 7 30 45 17 51 31 69 82 44 29 59 68 88 0 26 83 4 19 5 16 100 50 95 98 27 49 93 52 58 60 65 92 94 12 75 84 32 91 97 8 15 36 57 80 96 90 25 76 99 2 11 39 70 85 78 86 43 67 1 77 79 34 41 13 20 33 64 56 28 53 72 71 23 37 73 3 14 21 42 40 74 54 55 24 38 22 66 18 
29 50 65 8 31 69 70 89 32 80 0 9 34 49 62 30 68 64 77 78 2 33 61 75 76 87 10 26 27 51 67 6 11 18 28 79 63 100 17 25 47 52 81 23 88 46 53 48 5 39 57 7 59 82 93 12 35 95 20 3 4 45 54 94 98 44 58 72 83 96 1 24 71 91 92 86 36 97 73 84 16 60 55 74 99 21 38 56 90 15 41 40 22 43 14 85 13 66 42 37 19 
72 71 39 73 1 3 21 25 74 55 57 40 52 53 56 11 12 27 38 86 22 54 100 24 79 93 94 96 14 5 26 41 67 75 91 58 76 88 95 23 36 97 98 2 49 66 92 99 42 68 0 28 51 84 78 90 59 4 13 17 32 60 15 30 43 80 82 77 83 69 87 50 6 29 33 81 8 16 85 7 9 37 44 61 19 47 34 70 89 18 31 10 45 46 62 65 35 64 48 63 20 
73 40 74 71 72 55 20 22 1 56 3 38 14 39 57 86 25 12 41 24 52 53 54 42 66 96 94 11 93 91 27 36 100 5 58 97 99 79 95 13 92 98 67 84 88 90 23 26 75 43 76 2 4 15 60 28 49 59 51 68 0 17 37 78 83 82 85 32 30 16 77 80 87 6 69 7 44 50 81 33 29 8 9 61 47 19 45 18 34 46 70 89 10 31 62 65 35 64 48 63 21 
55 74 38 21 66 73 40 71 3 72 20 24 54 1 53 56 14 39 25 57 11 86 12 23 41 42 52 79 67 96 27 93 94 100 75 91 28 36 76 5 58 97 99 2 13 26 95 98 88 90 92 49 78 84 43 0 68 4 15 32 51 60 77 59 17 80 37 33 83 82 30 50 85 69 8 87 16 6 29 81 7 44 9 19 34 61 47 70 89 31 18 45 65 10 46 62 64 35 48 63 22 
28 79 53 67 54 2 76 11 24 78 75 77 3 33 25 32 80 49 27 38 20 55 71 8 39 0 50 52 72 73 74 26 34 57 66 68 100 21 22 70 1 29 69 12 19 40 30 51 88 5 56 93 65 86 94 64 96 9 87 95 17 31 58 91 14 98 6 36 41 61 89 59 92 97 4 99 62 81 82 84 90 42 10 60 83 47 7 13 18 15 43 44 16 46 85 45 63 37 35 48 23 
54 38 3 53 55 23 66 22 71 74 79 20 73 11 67 72 21 25 28 39 40 76 2 75 27 78 1 52 57 49 77 32 56 100 12 33 80 26 86 0 14 68 93 94 96 5 8 50 41 88 91 51 58 95 34 36 42 98 69 97 29 30 92 99 17 19 70 84 59 87 90 4 13 9 60 6 43 82 15 65 83 61 31 64 81 89 7 16 47 85 37 44 62 10 18 46 45 35 48 63 24 
11 39 27 52 20 57 100 53 72 75 79 3 26 67 71 76 1 12 49 73 2 0 54 68 74 93 5 21 55 88 23 86 94 24 28 51 56 78 96 32 38 40 95 91 58 98 30 80 17 22 36 69 77 41 50 59 92 97 14 87 4 29 84 99 6 8 33 82 90 66 9 60 81 83 19 42 61 13 15 7 43 34 47 16 31 44 70 89 18 10 62 65 85 46 37 45 64 35 48 63 25 
100 27 68 51 52 88 0 30 5 25 49 57 75 17 87 11 12 39 69 93 6 76 95 59 94 2 9 29 58 61 67 79 81 82 96 98 4 20 32 91 1 50 78 86 92 80 7 36 47 53 72 97 83 84 19 71 89 3 8 18 56 60 99 10 28 31 44 73 77 90 23 41 62 46 15 16 21 74 54 55 33 40 45 14 43 13 24 65 70 34 38 85 35 42 22 48 63 37 64 66 26 
100 26 52 25 11 75 68 0 39 49 57 76 51 67 79 88 2 12 5 20 30 53 93 32 69 78 72 1 17 87 94 95 3 50 71 80 29 86 96 23 28 58 59 91 98 6 9 73 77 54 92 4 8 21 36 56 61 74 82 97 19 55 81 24 84 33 40 41 99 38 83 7 47 60 89 90 31 14 10 15 18 22 44 62 70 34 13 16 65 42 43 46 45 66 85 35 64 48 37 63 27 
23 2 67 78 79 77 76 33 32 53 75 80 11 49 54 8 24 25 50 34 0 3 27 68 70 20 26 39 52 19 29 38 69 100 71 55 57 72 30 65 73 74 64 21 51 66 1 9 12 22 87 88 31 5 40 89 93 61 86 94 17 56 96 6 95 62 58 91 98 59 36 81 92 4 10 14 41 82 97 18 47 84 99 7 83 90 60 42 15 44 46 13 16 43 63 45 48 35 85 37 28 
69 19 50 9 31 0 89 30 68 8 32 49 61 62 65 80 87 70 75 2 10 26 51 76 78 6 77 27 34 18 33 100 67 11 17 47 64 79 81 52 88 25 28 63 46 5 7 57 23 39 48 53 59 82 12 93 35 95 4 94 98 20 44 45 58 83 91 92 96 1 3 72 54 86 97 36 71 84 16 60 24 73 99 90 56 15 21 55 74 41 38 40 43 85 13 14 22 42 66 37 29 
87 69 9 68 61 0 51 6 29 26 89 17 10 31 49 62 81 100 18 27 47 88 19 50 75 32 52 5 7 46 59 82 76 80 2 8 11 93 25 57 78 4 12 95 39 65 67 98 44 45 79 83 94 35 48 58 63 77 70 91 92 96 97 16 28 33 36 60 84 86 1 20 34 53 99 72 90 15 23 71 3 56 64 41 73 43 54 85 21 13 74 40 55 14 24 38 42 22 37 66 30 
89 62 9 29 19 69 65 10 61 30 50 87 0 8 18 63 68 70 6 32 49 80 51 34 47 64 26 48 46 75 78 81 2 77 76 17 27 33 35 100 88 7 11 67 52 79 82 45 59 5 25 28 44 57 93 4 12 39 95 23 83 53 94 98 58 92 16 91 96 20 36 60 84 86 97 1 3 72 54 71 90 99 15 24 56 73 41 21 43 55 74 85 13 38 40 14 22 42 37 66 31 
80 78 2 50 8 49 77 76 75 0 33 67 19 28 29 79 34 69 70 11 68 27 23 65 26 30 25 53 9 31 100 52 64 87 89 51 39 61 54 57 62 3 88 6 20 24 10 12 17 5 71 72 93 81 1 18 47 55 59 73 94 95 38 74 82 86 96 98 21 58 91 4 7 46 56 63 92 36 40 97 22 83 84 41 44 66 99 48 60 90 45 14 35 16 15 13 42 43 85 37 32 
77 34 80 8 78 32 28 2 70 50 76 67 23 49 79 75 19 64 65 0 11 29 53 69 68 27 25 54 31 26 30 9 24 3 89 100 52 39 87 20 51 62 57 61 38 71 72 88 6 55 10 12 73 5 17 74 1 93 21 18 66 22 81 94 95 47 59 86 96 40 56 58 82 91 98 63 4 7 92 36 46 97 41 83 84 48 99 14 44 60 90 35 45 15 16 13 42 43 85 37 33 
70 8 33 64 77 80 32 50 65 19 78 2 28 29 49 76 0 67 75 31 69 79 23 68 89 9 11 30 27 53 62 26 25 87 61 100 51 54 10 52 24 3 6 39 57 18 20 88 63 17 81 5 12 47 71 72 38 93 55 59 73 1 46 74 82 94 95 7 48 21 96 98 4 58 86 91 66 22 35 56 92 36 40 83 97 44 45 84 60 99 41 90 14 16 15 13 43 42 85 37 34 
46 48 45 18 47 81 7 10 6 63 44 61 87 82 17 62 9 16 30 51 59 83 89 4 31 69 88 60 68 5 29 98 26 92 95 84 0 15 58 93 100 85 19 90 91 94 97 36 12 27 52 96 99 43 49 50 57 65 86 75 13 25 32 39 8 41 80 1 11 76 2 37 70 78 56 67 20 79 72 77 34 42 14 64 33 53 71 73 28 3 21 40 23 74 55 54 24 38 22 66 35 
97 91 99 58 84 92 90 96 94 98 95 86 41 60 93 15 4 5 12 13 43 56 59 83 1 85 88 42 57 14 16 82 17 52 37 39 100 44 51 72 7 20 26 40 21 25 27 71 73 81 6 74 68 45 47 87 11 30 55 3 0 75 22 46 49 53 61 18 69 76 79 9 38 67 2 54 35 10 24 29 32 78 23 50 89 28 62 66 80 48 19 31 77 8 33 63 65 70 34 64 36 
13 43 85 15 90 42 99 41 60 84 36 97 92 91 14 16 58 86 96 98 4 83 56 94 95 93 59 1 5 12 44 82 40 57 88 7 17 21 39 52 72 73 100 20 45 71 81 51 74 26 6 25 27 47 55 22 46 87 3 68 11 30 35 38 18 61 0 53 75 49 9 69 79 54 67 76 10 24 66 48 2 29 23 32 78 89 62 50 28 80 31 19 63 77 8 33 65 70 34 64 37 
55 3 22 24 66 54 74 71 73 21 20 53 72 40 25 23 39 1 11 79 67 56 57 28 52 14 27 75 76 2 12 86 100 41 78 96 49 93 94 26 42 5 91 77 32 36 58 88 95 0 68 80 97 98 99 33 92 13 51 84 90 50 4 8 59 17 30 43 60 69 15 29 82 87 34 83 6 19 37 70 85 9 81 16 61 7 44 31 47 65 89 64 10 18 62 45 46 35 48 63 38 
57 20 25 52 1 72 12 71 100 27 73 11 86 93 56 94 3 5 21 26 96 53 74 88 40 55 91 95 58 75 79 98 36 41 67 97 14 51 68 76 92 49 54 99 0 38 84 2 4 17 22 24 59 90 23 30 42 60 13 28 78 82 15 32 83 87 43 69 6 80 81 50 66 77 7 16 29 9 44 61 85 8 47 33 19 37 18 89 31 45 10 46 34 62 70 65 35 48 64 63 39 
21 73 74 71 72 56 1 14 55 20 22 3 39 86 38 41 42 57 12 96 25 94 52 66 91 24 36 54 93 99 13 53 58 97 95 5 11 92 98 100 27 84 90 43 88 79 26 60 4 15 67 23 75 37 59 76 51 83 2 17 49 68 85 28 82 0 16 78 30 32 6 7 44 81 87 69 77 80 50 29 33 9 47 61 8 45 19 18 46 89 10 31 34 70 62 35 65 48 64 63 40 
86 56 99 13 14 36 42 96 91 97 90 1 58 94 43 84 92 12 93 95 98 15 60 5 57 40 4 37 21 39 72 85 20 73 52 59 71 83 88 74 100 16 82 17 25 55 26 27 51 3 22 44 7 11 38 81 53 68 6 75 87 0 30 47 54 79 24 45 49 67 76 66 2 61 69 23 46 9 18 32 78 28 29 50 80 10 35 77 89 8 19 62 31 33 48 70 34 63 65 64 41 
14 41 13 56 43 86 99 36 1 37 90 96 97 40 91 84 15 58 94 92 12 21 98 60 85 93 95 72 73 57 5 71 74 4 20 39 83 52 55 16 22 59 88 100 25 82 3 17 27 38 26 44 51 7 11 53 66 24 54 81 68 6 75 79 0 67 87 30 45 47 49 76 2 23 46 61 69 78 9 28 32 18 29 80 35 50 10 77 89 8 19 62 31 33 48 70 34 63 65 64 42 
13 15 90 85 99 84 60 36 37 97 92 41 58 91 98 4 42 96 16 83 86 94 95 93 5 14 56 59 12 82 1 44 88 17 57 7 39 52 40 100 51 72 81 21 20 26 45 73 71 6 25 27 47 74 87 46 55 68 30 3 11 22 0 18 61 35 75 53 38 49 69 9 67 76 79 10 54 2 24 29 48 32 62 66 78 89 23 50 80 28 31 19 63 77 8 33 65 70 34 64 43 
7 16 82 83 45 4 59 81 17 60 47 6 15 46 92 98 84 95 85 88 5 58 90 97 35 51 36 91 93 99 18 87 94 43 96 12 61 13 26 30 100 10 48 86 41 52 57 68 9 37 27 1 39 69 0 56 62 89 42 25 29 63 14 31 49 20 72 75 11 19 50 71 73 76 21 40 2 32 67 79 74 3 53 78 80 8 55 65 77 28 22 23 54 70 38 33 24 34 64 66 44 
7 46 44 35 47 81 82 6 16 18 83 17 48 59 4 61 87 10 51 60 88 98 5 15 30 92 95 9 84 85 58 63 90 93 97 36 62 91 94 26 99 43 68 89 96 100 12 69 0 31 52 13 29 57 86 27 41 37 39 1 49 19 25 56 75 50 11 42 14 20 32 76 72 2 65 80 8 67 71 78 79 73 21 40 53 70 77 3 74 28 55 33 34 23 54 64 22 38 24 66 45 
47 35 18 45 81 48 6 7 10 61 44 87 17 82 9 63 30 51 62 59 83 89 16 4 88 69 31 68 5 26 29 60 95 98 0 92 93 100 58 84 15 94 91 97 12 19 27 36 52 85 90 96 99 49 50 57 43 75 86 65 25 32 39 1 8 11 13 41 76 80 2 56 70 78 37 67 20 79 72 77 42 14 34 53 71 33 73 28 64 3 21 40 23 74 55 54 24 38 22 66 46 
81 46 6 18 7 45 61 87 17 35 10 82 44 48 51 30 59 9 83 88 4 62 16 89 69 5 26 63 68 95 98 0 29 31 60 92 93 100 58 84 94 91 12 15 27 52 97 36 90 96 49 99 19 57 85 50 75 86 39 43 25 32 1 11 41 76 13 65 80 2 8 56 78 20 67 79 70 72 37 77 14 42 53 71 73 28 33 34 3 21 40 23 64 74 55 54 24 38 22 66 47 
35 18 46 63 10 47 45 61 62 6 81 7 9 89 87 31 30 44 17 82 51 69 29 59 68 83 16 4 19 88 0 26 5 65 50 60 95 98 100 49 58 92 93 27 84 15 52 94 12 91 97 8 32 36 75 85 90 70 80 96 99 57 76 2 25 43 11 39 78 86 34 64 77 67 1 13 41 79 33 20 56 37 28 53 72 71 14 42 23 73 3 21 40 74 54 55 24 38 22 66 48 
75 0 76 2 32 68 78 50 80 11 27 67 69 79 26 8 29 77 25 30 100 19 28 52 33 51 9 53 23 87 39 70 34 57 88 31 61 65 89 6 20 3 5 12 17 54 93 62 72 71 1 10 24 81 94 95 59 47 64 73 82 96 98 18 58 86 91 4 55 74 7 21 38 92 36 56 97 83 40 46 84 99 41 44 60 22 90 63 14 16 45 15 48 35 66 13 43 42 85 37 49 
8 32 80 19 29 49 0 69 70 77 78 2 65 33 34 68 75 76 31 9 30 67 89 27 28 79 11 26 64 87 61 62 51 100 23 25 6 10 52 53 88 17 18 39 57 47 81 5 3 12 20 54 63 93 59 24 46 72 82 95 7 71 94 1 98 4 48 58 96 73 86 91 55 92 35 38 44 74 83 21 36 45 97 56 84 60 40 99 16 41 90 22 15 14 66 43 13 85 42 37 50 
17 88 26 87 6 30 68 100 5 59 81 82 0 27 61 52 69 93 7 9 47 95 4 12 98 57 94 49 58 83 18 29 92 25 39 44 75 91 96 10 46 97 11 36 60 84 89 45 86 16 62 76 1 31 50 90 99 2 19 32 15 20 67 35 78 79 80 41 56 72 8 43 48 53 71 85 13 77 3 63 73 28 65 14 21 23 40 70 74 33 42 55 54 34 24 37 38 22 64 66 51 
100 57 27 39 25 12 26 5 88 93 1 11 20 94 51 68 72 75 86 95 96 58 91 0 71 98 17 49 36 53 56 59 73 76 79 92 3 67 97 4 21 30 2 41 74 84 99 82 87 6 40 55 69 90 32 60 78 83 14 54 81 23 15 28 29 80 7 9 13 24 38 50 61 42 43 16 22 44 47 77 8 19 85 18 89 33 10 31 46 45 62 66 37 70 34 65 35 48 63 64 52 
54 79 3 11 23 67 24 25 20 28 75 76 2 71 38 39 55 27 72 73 78 52 74 49 57 21 32 77 100 22 1 26 80 0 66 12 33 40 68 50 56 8 86 93 5 88 94 51 96 69 29 30 95 14 34 58 91 41 98 19 36 17 70 87 92 97 59 9 99 4 84 6 42 90 61 82 60 65 13 31 81 83 89 15 43 64 7 47 62 10 16 18 44 85 46 37 45 35 48 63 53 
24 53 3 38 23 55 79 67 71 11 20 66 74 25 28 22 72 73 21 76 2 39 75 27 40 78 52 57 1 49 77 100 32 33 80 12 26 56 0 68 86 93 8 14 50 94 96 5 88 41 51 91 95 34 58 69 30 36 98 29 97 42 70 92 99 17 19 59 84 87 90 4 9 13 6 60 82 61 65 15 43 83 31 64 81 89 7 16 47 62 44 85 10 18 37 46 45 35 63 48 54 
74 22 38 71 73 3 21 72 20 40 24 54 66 53 39 1 25 56 57 11 14 52 79 12 23 86 67 27 41 96 100 75 94 42 76 93 28 2 5 26 91 36 58 95 88 97 49 78 98 99 92 13 68 84 0 90 32 51 77 4 43 59 80 17 60 15 33 30 50 82 83 69 8 87 37 85 6 29 16 81 7 9 19 34 44 61 70 47 89 31 18 65 10 45 46 62 64 35 48 63 55 
1 14 86 41 40 96 12 21 42 72 36 73 91 94 20 39 57 99 58 71 93 97 13 74 90 92 95 98 5 84 52 43 55 25 15 60 100 3 22 88 4 27 59 26 37 38 83 11 85 17 53 51 82 16 54 24 75 68 79 66 67 44 76 0 7 49 81 2 6 23 30 87 28 47 69 78 32 45 61 9 80 29 50 77 46 18 8 10 33 19 89 31 35 62 34 70 48 65 63 64 56 
39 52 12 1 100 25 93 20 86 94 5 27 72 96 88 26 95 56 58 71 91 73 98 11 36 21 41 92 97 51 3 40 74 84 99 4 17 53 59 68 75 14 55 90 79 0 49 60 67 76 82 83 13 30 42 2 15 54 22 38 43 87 6 23 24 69 78 81 7 16 32 28 44 85 29 61 80 9 47 50 77 37 66 8 18 19 45 33 46 89 10 31 62 34 70 35 65 48 63 64 57 
91 98 92 95 36 94 97 84 96 93 5 99 4 90 12 60 86 59 15 41 83 88 43 13 57 82 1 17 56 16 52 85 100 39 51 14 26 42 44 7 20 27 72 81 25 37 6 40 71 73 21 68 87 47 30 11 45 74 0 75 3 55 61 46 49 18 53 69 9 76 79 67 22 2 10 29 35 38 54 32 78 24 50 89 23 62 80 48 28 31 19 77 8 66 63 33 65 70 34 64 58 
4 82 17 83 5 88 95 98 92 7 58 60 93 44 84 16 51 81 91 94 97 36 90 96 6 12 15 99 47 100 26 86 52 87 43 45 57 85 30 41 13 27 46 68 1 39 61 18 56 0 25 9 35 69 10 20 37 14 42 72 11 49 75 29 71 48 62 73 89 21 40 76 31 67 74 79 2 3 32 50 53 19 55 78 63 80 8 54 22 23 28 38 77 24 65 33 70 34 66 64 59 
15 84 90 92 4 83 97 98 99 16 36 58 43 85 91 95 59 82 94 96 5 13 93 44 41 86 12 17 88 7 37 56 81 1 42 51 57 100 14 45 52 6 26 39 47 87 27 46 20 72 25 30 40 68 18 21 61 71 73 35 0 74 9 11 69 75 10 49 3 55 48 53 76 29 67 79 22 62 89 2 38 32 50 31 54 78 80 19 24 63 23 28 8 77 66 33 65 70 34 64 60 
9 87 10 6 18 30 62 89 47 69 81 51 29 31 46 68 17 0 7 26 48 63 19 35 82 88 45 49 50 59 100 27 44 5 4 65 32 52 75 83 8 80 93 95 98 76 2 12 16 57 58 70 78 94 11 25 92 60 91 39 67 77 84 96 97 36 79 15 34 86 90 99 33 1 64 20 28 53 85 41 43 72 23 56 71 3 13 73 21 54 14 74 40 55 42 24 37 38 22 66 61 
89 10 31 9 61 63 18 29 69 30 87 19 6 48 47 65 46 0 68 50 81 51 35 8 17 26 49 70 7 32 80 45 88 27 75 82 100 34 59 64 2 44 76 78 77 5 52 33 4 11 83 67 93 95 25 79 12 57 98 16 58 94 28 39 92 60 91 84 96 36 97 53 23 86 90 15 20 99 1 72 3 85 41 43 56 71 54 73 13 21 24 74 55 14 40 38 42 37 22 66 62 
10 48 62 18 89 35 61 31 46 9 47 6 87 29 30 69 81 19 45 7 65 51 17 68 0 50 44 82 26 8 59 70 88 49 32 80 83 4 64 100 5 16 27 34 75 95 2 52 76 78 93 98 77 58 60 92 12 94 11 33 57 84 91 25 67 97 15 36 79 96 39 90 99 28 85 86 1 43 20 53 23 41 13 56 72 71 3 73 54 21 37 14 42 74 40 55 24 38 22 66 63 
70 34 65 8 19 33 50 80 77 32 29 31 78 2 69 89 49 0 28 76 9 62 75 67 68 30 79 23 61 10 11 87 27 26 63 53 51 6 18 25 100 52 54 47 88 17 39 81 3 24 48 57 46 20 5 12 7 35 59 82 93 71 72 95 38 94 1 4 55 73 98 45 58 74 96 44 86 91 21 83 92 36 97 22 56 66 84 40 60 16 99 41 90 15 14 43 13 85 42 37 64 
19 70 8 64 31 50 29 34 89 80 32 69 62 9 33 77 0 49 78 30 2 61 68 10 76 75 87 28 63 67 18 26 6 27 51 79 11 100 23 47 25 48 81 17 46 52 88 53 5 7 35 39 57 59 82 93 12 54 3 20 45 95 4 24 44 94 98 58 72 71 83 96 1 91 92 86 36 73 97 55 60 84 16 38 74 21 56 99 90 15 40 41 22 43 66 14 85 13 42 37 65 
38 22 24 55 54 3 74 73 21 71 40 53 72 20 23 25 1 11 39 79 56 67 14 28 57 52 76 27 75 86 2 12 41 42 78 100 96 94 26 49 77 93 91 5 32 36 33 58 80 95 0 88 97 98 99 13 68 92 84 90 51 8 50 43 4 59 60 15 17 30 69 34 29 37 82 83 87 19 70 85 6 9 16 81 61 7 44 65 31 47 64 89 62 10 18 45 46 35 48 63 66 
79 76 2 11 75 28 78 23 53 49 32 25 77 27 80 54 0 33 3 50 8 24 26 39 52 68 100 20 57 69 71 72 29 34 38 55 19 30 73 51 70 74 1 12 88 21 5 93 9 87 22 94 40 65 86 17 56 66 95 96 31 61 6 58 64 89 91 98 59 36 92 97 4 41 62 81 82 14 84 99 10 47 7 18 60 83 90 42 13 15 44 43 46 16 45 63 85 35 48 37 67 
0 26 30 69 49 27 51 87 100 29 75 9 50 52 76 88 6 32 61 2 11 17 25 80 19 78 5 57 67 79 89 8 31 39 81 12 93 59 62 10 47 77 82 95 18 94 7 28 53 98 4 20 58 33 65 70 91 96 1 23 46 86 92 72 83 3 34 36 44 97 71 84 60 45 54 56 73 99 16 90 35 41 48 63 15 21 55 74 24 64 40 38 43 13 14 85 22 42 66 37 68 
29 30 0 9 68 19 50 87 31 49 61 89 26 32 51 62 6 8 75 80 10 27 2 65 76 100 18 78 17 70 47 77 81 88 11 52 67 25 79 33 34 5 46 7 28 57 59 63 82 39 93 12 48 64 95 4 53 94 98 23 35 44 45 58 83 20 91 92 96 1 86 97 3 36 72 84 16 60 71 54 99 90 56 73 15 24 41 21 55 74 40 43 38 85 13 14 22 42 66 37 69 
34 8 65 64 19 50 80 33 32 77 29 78 31 2 49 69 0 76 89 28 75 9 67 68 62 30 79 11 23 61 27 87 26 10 51 53 25 100 6 52 18 63 54 88 17 39 47 57 81 3 20 24 5 46 12 48 93 59 7 71 72 82 94 95 1 35 38 55 73 98 4 58 96 74 86 91 21 44 45 83 92 97 36 56 84 22 40 60 99 16 66 41 90 15 14 43 13 42 85 37 70 
72 73 20 74 21 55 3 40 39 1 22 25 38 57 53 56 54 24 52 11 12 86 14 27 100 41 66 79 94 96 93 67 5 23 75 91 26 36 42 58 95 76 88 97 98 99 2 92 28 49 84 90 13 68 0 51 78 4 59 17 32 43 60 15 30 77 80 82 83 69 50 87 6 33 37 85 16 8 29 81 7 9 44 61 19 47 34 70 89 18 31 45 10 46 62 65 35 64 48 63 71 
20 71 73 21 74 1 39 40 55 3 57 25 56 12 22 52 86 38 14 53 11 96 27 54 94 100 24 41 93 5 79 91 36 58 95 26 42 67 75 88 97 66 98 99 92 23 76 84 90 2 13 49 51 68 0 4 28 59 17 43 60 15 78 32 82 83 30 77 80 87 69 85 6 16 37 50 81 7 29 33 44 8 9 61 47 19 18 34 45 89 31 46 70 10 62 65 35 64 48 63 72 
21 71 72 74 20 40 55 3 1 22 39 38 56 57 25 14 53 86 12 24 52 54 11 41 66 96 93 94 27 42 100 79 91 5 36 58 67 95 97 99 23 26 75 98 88 92 13 76 84 90 2 28 49 4 43 68 0 51 59 60 15 17 78 83 32 82 30 37 77 80 85 16 69 87 6 50 33 81 7 29 44 8 9 61 47 19 34 18 45 70 89 31 46 10 62 65 35 64 48 63 73 
21 55 73 71 22 40 72 20 3 38 1 39 56 24 54 25 66 14 53 57 86 52 11 12 41 96 27 42 79 94 93 100 23 67 91 36 5 58 75 95 26 76 97 99 88 98 13 28 92 2 84 90 49 43 68 78 0 4 51 59 60 15 17 32 77 80 83 37 82 30 85 33 50 69 87 16 6 8 7 29 81 44 9 61 19 47 34 70 89 18 31 45 10 46 62 65 64 35 48 63 74 
76 49 2 11 67 27 79 78 0 32 25 68 80 26 28 53 50 52 77 100 23 69 8 39 29 30 33 57 20 51 3 19 54 88 12 72 87 9 71 5 24 34 70 93 1 17 73 6 31 55 61 94 65 74 89 95 21 38 86 96 58 59 98 56 81 91 62 82 4 36 40 92 10 22 47 64 97 18 7 41 84 99 83 60 66 90 14 44 46 15 16 13 42 43 45 63 35 48 85 37 75 
2 75 67 78 49 79 11 32 28 80 77 0 27 23 25 53 50 68 8 33 26 52 100 29 69 39 54 3 19 20 30 34 57 70 24 51 71 72 87 88 9 12 65 5 55 73 93 1 31 38 74 17 61 89 6 21 94 64 86 95 96 56 58 59 62 91 98 22 40 81 82 4 10 36 66 92 97 47 18 41 7 84 99 14 83 60 90 44 46 15 13 16 42 43 45 63 48 35 85 37 76 
33 78 80 32 2 8 28 76 34 50 67 49 70 75 79 23 0 11 19 29 53 65 69 27 64 68 25 26 54 30 31 100 9 24 52 3 39 89 51 87 20 57 61 62 71 72 88 38 6 12 55 5 73 10 17 74 93 1 21 81 94 95 18 22 66 86 47 59 96 40 56 58 82 91 98 4 92 7 36 63 97 46 41 83 84 99 14 60 44 48 90 45 15 16 35 13 42 43 85 37 77 
2 32 76 77 80 28 67 49 75 33 79 8 50 11 23 0 34 27 53 68 70 19 29 25 69 26 30 52 54 65 100 3 24 39 64 9 20 31 51 57 87 89 61 71 72 88 12 38 55 5 6 62 73 93 1 17 74 21 94 10 95 59 81 86 96 22 58 98 18 40 47 56 66 82 91 4 36 92 7 97 41 83 84 99 46 14 60 63 90 44 15 16 45 48 35 42 13 43 85 37 78 
67 11 76 2 53 23 28 75 78 25 49 27 32 54 77 3 80 0 24 20 33 39 52 26 68 100 50 8 57 71 72 38 55 73 69 74 29 1 12 21 30 34 19 51 88 70 5 22 93 40 66 86 87 94 9 56 95 96 17 58 65 91 6 31 61 98 59 89 36 64 92 97 14 41 4 81 82 99 62 84 83 90 7 10 47 60 18 42 13 15 44 16 43 46 45 85 63 35 48 37 79 
32 8 77 78 50 2 33 49 76 75 34 70 0 19 28 67 29 79 69 68 11 65 23 27 26 30 64 31 53 9 25 89 100 52 87 51 61 54 62 39 3 57 6 20 24 88 10 5 12 17 71 72 18 93 81 1 38 47 55 73 94 59 74 95 82 21 58 86 96 98 7 63 91 4 46 56 92 22 36 40 97 66 83 84 48 41 44 60 99 35 45 90 14 16 15 13 43 42 85 37 80 
47 6 7 17 82 46 87 18 44 45 51 59 61 83 88 4 30 35 10 5 9 16 26 95 68 98 48 60 92 93 100 58 69 62 84 94 0 89 91 97 12 15 36 52 27 29 90 96 99 31 57 63 85 49 86 39 43 25 75 19 1 41 50 11 13 32 76 56 2 20 80 8 67 72 78 79 37 65 14 42 71 53 73 77 70 3 21 40 28 74 23 33 34 55 54 64 24 38 22 66 81 
59 4 7 17 83 44 81 16 88 5 60 95 98 6 51 92 47 58 84 45 93 15 91 94 97 36 90 87 96 99 12 46 26 85 100 18 30 43 61 52 86 57 68 35 13 27 41 9 1 10 39 0 69 56 25 48 37 49 89 20 29 42 62 75 11 14 72 31 71 76 63 73 21 40 50 2 19 32 67 79 3 53 74 78 80 55 8 77 28 65 23 54 22 38 70 24 33 34 64 66 82 
4 16 59 60 82 44 84 92 98 15 7 58 95 17 90 97 5 36 91 85 99 81 88 93 94 43 96 45 12 51 6 13 47 86 41 100 46 57 26 52 87 37 1 56 18 30 35 39 42 61 27 68 14 25 0 9 10 20 69 72 48 11 40 49 71 73 21 75 29 62 89 74 76 3 31 79 2 53 55 63 67 32 50 19 78 80 22 8 38 54 23 28 77 24 65 33 70 34 66 64 83 
90 92 97 36 60 99 58 15 91 98 4 95 43 94 96 83 93 5 13 59 41 85 86 12 16 82 88 17 44 56 1 37 42 57 7 14 52 100 39 51 81 26 6 72 20 27 25 40 45 47 21 73 71 87 68 30 46 74 11 0 61 18 55 3 75 9 35 49 69 53 10 22 67 76 79 2 29 38 48 54 89 32 62 24 50 78 80 23 31 19 28 8 66 77 63 33 65 70 34 64 84 
15 43 60 90 16 37 84 13 99 83 92 97 4 36 58 91 98 44 95 41 59 82 96 94 5 42 86 93 7 12 17 88 14 56 45 1 81 57 51 47 52 100 6 39 26 46 40 72 87 20 21 27 35 73 18 25 30 71 68 61 74 0 9 11 55 10 48 69 3 75 49 22 53 29 76 79 38 62 67 89 2 54 31 32 50 63 24 78 19 80 23 66 28 8 77 33 65 70 34 64 85 
96 1 12 41 56 91 94 36 58 93 97 99 57 95 98 5 92 14 84 90 39 13 42 52 72 20 43 60 88 4 15 40 100 21 59 71 73 25 83 74 17 26 27 82 85 51 16 37 55 3 11 22 44 68 7 53 75 81 6 38 0 30 79 87 49 54 67 76 24 47 2 69 45 61 23 66 9 32 78 28 46 18 29 50 80 77 10 35 89 8 19 31 62 33 48 70 34 65 63 64 86 
30 6 61 9 51 68 69 81 17 47 10 18 0 26 29 89 62 88 7 46 31 82 100 59 27 5 49 19 44 45 50 52 4 35 75 93 95 48 83 12 32 63 98 57 58 76 94 11 25 80 92 2 8 16 39 91 60 65 78 96 84 97 36 67 79 86 70 77 90 99 1 15 20 28 33 34 53 72 41 56 85 43 71 3 13 23 64 73 21 14 54 74 40 55 42 24 37 38 22 66 87 
5 17 51 93 59 95 100 26 12 94 98 4 52 58 82 57 91 92 96 27 6 36 68 81 83 84 97 39 86 87 7 30 60 90 99 1 25 44 0 47 15 16 41 61 11 20 49 56 69 75 9 72 43 13 18 45 46 71 76 85 29 14 67 73 79 2 10 21 32 40 42 53 89 3 50 74 62 78 31 35 55 80 19 37 8 23 28 48 54 77 38 22 24 63 33 65 70 34 66 64 88 
31 62 9 10 29 61 69 19 30 87 18 63 65 6 50 0 68 47 51 8 46 48 49 70 81 26 32 80 17 35 75 7 27 34 78 88 100 2 64 76 77 82 45 33 52 59 5 11 44 67 79 4 25 93 28 57 83 95 12 98 39 94 58 16 92 53 91 96 23 60 84 36 97 20 86 1 15 90 99 72 3 71 54 41 56 73 85 43 24 13 21 55 74 40 14 38 42 22 37 66 89 
84 99 97 15 36 43 60 92 58 91 13 98 96 4 41 85 94 95 83 86 93 5 16 59 12 37 42 56 82 88 1 14 44 17 57 7 52 39 100 51 81 26 72 20 40 6 21 25 27 45 71 73 47 74 87 68 30 11 46 55 0 3 61 18 75 22 35 49 53 69 9 76 79 10 38 67 2 29 54 24 32 48 62 78 89 23 50 80 28 31 66 19 8 77 63 33 65 70 34 64 90 
58 36 96 97 92 94 98 95 84 93 99 86 90 5 12 41 60 4 15 59 1 13 43 56 83 88 57 52 82 17 39 85 100 14 16 42 26 51 20 44 72 7 25 27 37 40 21 71 73 81 6 68 74 87 11 30 47 0 3 45 55 75 49 53 61 22 46 69 76 79 67 9 18 38 2 54 29 10 24 32 35 78 23 50 80 89 28 62 66 19 31 48 77 8 33 63 65 70 34 64 91 
58 84 97 98 36 91 95 60 90 99 4 94 96 5 15 93 59 83 12 43 86 41 13 16 82 88 85 17 1 44 56 57 52 100 7 51 14 39 42 26 37 81 6 27 20 72 25 47 40 45 87 21 68 71 73 30 0 11 46 74 61 18 75 3 49 55 69 9 35 53 76 79 10 67 22 29 2 38 32 54 89 48 50 62 78 24 23 31 80 19 28 77 8 63 66 33 65 70 34 64 92 
5 94 12 95 58 91 96 98 88 36 86 92 97 57 4 59 84 52 99 100 1 17 39 60 90 41 26 51 56 82 83 15 27 25 13 20 43 16 72 14 7 44 68 81 6 42 71 73 85 11 21 30 87 40 0 75 47 74 49 3 37 53 55 61 69 76 45 67 79 9 2 46 18 22 29 32 38 54 78 10 50 23 24 80 89 28 35 19 62 31 77 8 48 66 33 63 65 70 34 64 93 
93 96 58 91 95 12 98 5 36 86 92 97 84 99 57 88 90 1 4 41 59 60 52 56 39 100 15 83 13 17 43 82 26 51 14 20 72 16 25 27 42 85 71 7 21 40 44 73 81 6 68 11 74 37 87 30 0 3 47 55 75 49 53 45 61 67 69 76 79 9 22 46 2 18 38 54 29 24 32 78 10 23 50 80 28 35 89 62 19 31 66 77 8 48 33 63 70 65 34 64 94 
98 58 5 93 94 91 92 36 96 97 4 12 84 59 88 60 99 86 90 83 17 82 15 57 41 100 1 52 16 43 51 13 26 39 56 44 7 85 27 81 6 14 25 20 42 72 68 87 30 47 71 37 40 73 0 11 21 45 61 74 75 46 49 69 3 9 18 55 53 76 79 67 2 10 29 35 22 32 38 50 54 78 89 62 80 19 23 24 31 48 28 77 8 63 66 33 65 70 34 64 95 
91 94 86 36 58 12 93 97 95 98 92 99 5 41 84 90 1 56 57 4 60 88 13 15 59 39 43 52 14 83 100 42 72 82 17 20 26 85 16 25 40 51 73 21 27 71 44 37 74 7 81 6 11 55 68 3 87 0 30 75 47 53 22 49 45 79 38 67 76 61 69 2 54 9 46 18 24 23 29 32 78 10 28 50 35 66 80 89 19 62 77 8 31 48 33 63 65 70 34 64 96 
36 84 91 92 99 58 90 98 96 94 95 60 15 86 93 4 41 5 43 12 13 59 83 85 1 56 88 16 82 42 57 14 17 37 39 44 52 100 51 7 26 72 20 81 27 40 21 25 71 73 6 45 47 68 74 87 30 11 55 0 3 46 61 75 49 18 22 53 69 76 79 9 67 38 2 35 10 29 54 24 32 78 23 50 89 48 62 80 28 19 31 66 77 8 63 33 65 70 34 64 97 
58 95 92 91 94 97 4 5 36 84 93 96 60 99 59 90 12 83 86 88 15 82 17 41 43 16 57 1 13 100 44 51 52 56 85 7 39 26 81 14 42 6 27 25 20 37 72 47 68 87 30 45 40 71 73 21 0 11 46 61 74 75 18 49 69 9 3 55 53 76 35 67 79 10 29 2 22 32 38 89 50 54 78 48 62 24 80 19 23 31 28 8 77 63 66 33 65 70 34 64 98 
36 90 97 84 91 92 58 15 41 43 60 96 98 13 94 86 95 4 93 5 12 85 56 83 42 59 1 14 16 37 82 88 57 17 39 44 52 100 7 40 72 20 51 21 26 73 71 81 25 27 6 74 45 47 68 87 11 30 55 3 0 22 46 75 61 49 53 18 38 69 79 67 76 9 35 54 2 10 24 29 32 78 23 48 50 66 89 28 62 80 19 31 77 8 63 33 65 70 34 64 99 
52 26 27 57 88 5 12 25 39 51 68 93 0 11 94 95 17 75 30 49 96 98 1 20 58 59 86 91 87 72 76 92 4 6 36 67 69 79 82 97 2 71 53 56 81 84 83 99 3 9 29 32 41 60 61 73 7 78 90 21 50 47 74 80 15 40 44 55 14 16 23 28 54 77 8 13 18 19 43 89 10 24 31 38 42 46 45 62 85 22 33 65 70 34 35 37 48 66 63 64 100 