1
144
30353
1 3639 1315
2 4177 2244
3 3712 1399
4 3569 1438
5 3757 1187
6 3493 1696
7 3904 1289
8 3488 1535
9 3791 1339
10 3506 1221
11 3374 1750
12 3376 1306
13 3237 1764
14 3326 1556
15 3188 1881
16 3089 1251
17 3258 911
18 3814 261
19 3238 1229
20 3646 234
21 3583 864
22 4172 1125
23 4089 1387
24 4297 1218
25 4020 1142
26 4196 1044
27 4116 1187
28 4095 626
29 4312 790
30 4252 882
31 4403 1022
32 4685 830
33 4386 570
34 4361 73
35 4720 557
36 4643 404
37 4634 654
38 4153 426
39 4784 279
40 2846 1951
41 2831 2099
42 3007 1970
43 3054 1710
44 3086 1516
45 1828 1210
46 2562 1756
47 2716 1924
48 2061 1277
49 2291 1403
50 2751 1559
51 2788 1491
52 2012 1552
53 1779 1626
54 2381 1676
55 682 825
56 1478 267
57 1777 892
58 518 1251
59 278 890
60 1064 284
61 1332 695
62 3715 1678
63 3688 1818
64 4016 1715
65 4181 1574
66 3896 1656
67 4087 1546
68 3929 1892
69 3918 2179
70 4062 2220
71 3751 1945
72 3972 2136
73 4061 2370
74 4207 2533
75 4029 2498
76 4201 2397
77 4139 2615
78 3766 2364
79 3777 2095
80 3780 2212
81 3896 2443
82 3888 2261
83 3594 2900
84 3796 2499
85 3678 2463
86 3676 2578
87 3478 2705
88 3789 2620
89 4029 2838
90 3810 2969
91 3862 2839
92 3928 3029
93 4167 3206
94 4263 2931
95 4186 3037
96 3486 1755
97 3492 1901
98 3322 1916
99 3334 2107
100 3479 2198
101 3429 1908
102 3587 2417
103 3318 2408
104 3176 2150
105 3507 2376
106 3296 2217
107 3229 2367
108 3264 2551
109 3394 2643
110 3402 2912
111 3360 2792
112 3101 2712
113 3402 2510 
114 3439 3201
115 3792 3156
116 3468 3018
117 3526 3263
118 3142 3421
119 3356 3212
120 3012 3394
121 3130 2973
122 3044 3081
123 2935 3240
124 2765 3321
125 3140 3530
126 3053 3739
127 2545 2357
128 2769 2492
129 2284 2803
130 2611 2275
131 2348 2652
132 2577 2574
133 2860 2862
134 2778 2826
135 2592 2820
136 2801 2700
137 2126 2896
138 2401 3164
139 2370 2975
140 1890 3033
141 1304 2312
142 1084 2313
143 3538 3298
144 3470 3304

0:9=163
1:72=171
2:8=99
3:2=148
4:0=174
5:10=131
6:22=209
7:3=126
8:4=156
9:11=155
10:13=200
11:18=158
12:14=127
13:7=163
14:97=138
15:16=380
16:20=328
17:27=461
18:15=151
19:17=170
20:19=633
21:26=84
22:66=159
23:25=201
24:6=187
25:21=84
26:24=106
27:37=208
28:29=110
29:30=206
30:23=223
31:32=396
32:28=232
33:38=470
34:36=130
35:34=171
36:31=183
37:33=410
38:35=188
39:46=133
40:129=282
41:39=162
42:12=191
43:42=197
44:52=419
45:49=273
46:40=209
47:48=262
48:53=287
49:50=77
50:43=299
51:47=279
52:51=244
53:45=198
54:59=662
55:60=452
56:44=322
57:58=433
58:54=409
59:55=414
60:56=487
61:62=143
62:70=142
63:65=134
64:63=217
65:61=182
66:64=98
67:68=0
68:78=254
69:1=117
70:67=186
71:69=123
72:75=143
73:76=107
74:80=144
75:73=136
76:74=161
77:83=138
78:79=117
79:81=119
80:77=152
81:71=151
82:89=227
83:87=121
84:101=102
85:84=115
86:110=147
87:85=121
88:93=252
89:90=140
90:88=167
91:114=186
92:91=297
93:94=131
94:92=170
95:5=59
96:95=146
97:100=107
98:105=116
99:98=171
100:96=63
101:104=90
102:112=132
103:41=247
104:99=180
105:103=137
106:102=98
107:106=187
108:86=104
109:115=125
110:109=127
111:107=229
112:108=133
113:118=84
114:116=287
115:82=173
116:142=37
117:124=109
118:117=299
119:122=172
120:111=263
121:120=138
122:123=188
123:137=396
124:125=226
125:119=347
126:131=219
127:135=210
128:136=183
129:126=105
130:128=164
131:127=209
132:121=286
133:132=90
134:130=296
135:133=128
136:139=273
137:138=192
138:134=271
139:140=929
140:141=220
141:57=1203
142:143=68
143:113=10830344





1304 2312
2 
3 4177 2244
4 
5 3488 1535
6 3326 1556
7 3238 1229
8 4196 1044
9 4312 790
10 4386 570
11 3007 1970
12 2562 1756
13 2788 1491
14 2381 1676
15 1332 695
16 3715 1678
17 3918 2179
18 4061 2370 
19 3780 2212
20 3676 2578
21 4029 2838
22 4263 2931
23 3429 1908
24 3507 2376
25 3394 2643
26 3439 3201
27 2935 3240
28 3140 3550
29 2545 2357
30 2778 2826
31 2370 2975

NAME : chn31
